1 8 28 21 4 32 17 19 30 6 3 13 12 24 25 11 5 31 18 7 29 20 16 9 27 22 14 2 23 26 10 15
1 15 10 26 23 2 14 22 27 9 16 20 29 7 18 31 5 11 25 24 12 13 3 6 30 19 17 32 4 21 28 8
2 14 22 27 9 16 20 29 7 18 31 5 11 25 24 12 13 3 6 30 19 17 32 4 21 28 8 1 15 10 26 23
2 23 26 10 15 1 8 28 21 4 32 17 19 30 6 3 13 12 24 25 11 5 31 18 7 29 20 16 9 27 22 14
3 6 30 19 17 32 4 21 28 8 1 15 10 26 23 2 14 22 27 9 16 20 29 7 18 31 5 11 25 24 12 13
3 13 12 24 25 11 5 31 18 7 29 20 16 9 27 22 14 2 23 26 10 15 1 8 28 21 4 32 17 19 30 6
4 21 28 8 1 15 10 26 23 2 14 22 27 9 16 20 29 7 18 31 5 11 25 24 12 13 3 6 30 19 17 32
4 32 17 19 30 6 3 13 12 24 25 11 5 31 18 7 29 20 16 9 27 22 14 2 23 26 10 15 1 8 28 21
5 11 25 24 12 13 3 6 30 19 17 32 4 21 28 8 1 15 10 26 23 2 14 22 27 9 16 20 29 7 18 31
5 31 18 7 29 20 16 9 27 22 14 2 23 26 10 15 1 8 28 21 4 32 17 19 30 6 3 13 12 24 25 11
6 3 13 12 24 25 11 5 31 18 7 29 20 16 9 27 22 14 2 23 26 10 15 1 8 28 21 4 32 17 19 30
6 30 19 17 32 4 21 28 8 1 15 10 26 23 2 14 22 27 9 16 20 29 7 18 31 5 11 25 24 12 13 3
7 18 31 5 11 25 24 12 13 3 6 30 19 17 32 4 21 28 8 1 15 10 26 23 2 14 22 27 9 16 20 29
7 29 20 16 9 27 22 14 2 23 26 10 15 1 8 28 21 4 32 17 19 30 6 3 13 12 24 25 11 5 31 18
8 1 15 10 26 23 2 14 22 27 9 16 20 29 7 18 31 5 11 25 24 12 13 3 6 30 19 17 32 4 21 28
8 28 21 4 32 17 19 30 6 3 13 12 24 25 11 5 31 18 7 29 20 16 9 27 22 14 2 23 26 10 15 1
9 16 20 29 7 18 31 5 11 25 24 12 13 3 6 30 19 17 32 4 21 28 8 1 15 10 26 23 2 14 22 27
9 27 22 14 2 23 26 10 15 1 8 28 21 4 32 17 19 30 6 3 13 12 24 25 11 5 31 18 7 29 20 16
10 15 1 8 28 21 4 32 17 19 30 6 3 13 12 24 25 11 5 31 18 7 29 20 16 9 27 22 14 2 23 26
10 26 23 2 14 22 27 9 16 20 29 7 18 31 5 11 25 24 12 13 3 6 30 19 17 32 4 21 28 8 1 15
11 5 31 18 7 29 20 16 9 27 22 14 2 23 26 10 15 1 8 28 21 4 32 17 19 30 6 3 13 12 24 25
11 25 24 12 13 3 6 30 19 17 32 4 21 28 8 1 15 10 26 23 2 14 22 27 9 16 20 29 7 18 31 5
12 13 3 6 30 19 17 32 4 21 28 8 1 15 10 26 23 2 14 22 27 9 16 20 29 7 18 31 5 11 25 24
12 24 25 11 5 31 18 7 29 20 16 9 27 22 14 2 23 26 10 15 1 8 28 21 4 32 17 19 30 6 3 13
13 3 6 30 19 17 32 4 21 28 8 1 15 10 26 23 2 14 22 27 9 16 20 29 7 18 31 5 11 25 24 12
13 12 24 25 11 5 31 18 7 29 20 16 9 27 22 14 2 23 26 10 15 1 8 28 21 4 32 17 19 30 6 3
14 2 23 26 10 15 1 8 28 21 4 32 17 19 30 6 3 13 12 24 25 11 5 31 18 7 29 20 16 9 27 22
14 22 27 9 16 20 29 7 18 31 5 11 25 24 12 13 3 6 30 19 17 32 4 21 28 8 1 15 10 26 23 2
15 1 8 28 21 4 32 17 19 30 6 3 13 12 24 25 11 5 31 18 7 29 20 16 9 27 22 14 2 23 26 10
15 10 26 23 2 14 22 27 9 16 20 29 7 18 31 5 11 25 24 12 13 3 6 30 19 17 32 4 21 28 8 1
16 9 27 22 14 2 23 26 10 15 1 8 28 21 4 32 17 19 30 6 3 13 12 24 25 11 5 31 18 7 29 20
16 20 29 7 18 31 5 11 25 24 12 13 3 6 30 19 17 32 4 21 28 8 1 15 10 26 23 2 14 22 27 9
17 19 30 6 3 13 12 24 25 11 5 31 18 7 29 20 16 9 27 22 14 2 23 26 10 15 1 8 28 21 4 32
17 32 4 21 28 8 1 15 10 26 23 2 14 22 27 9 16 20 29 7 18 31 5 11 25 24 12 13 3 6 30 19
18 7 29 20 16 9 27 22 14 2 23 26 10 15 1 8 28 21 4 32 17 19 30 6 3 13 12 24 25 11 5 31
18 31 5 11 25 24 12 13 3 6 30 19 17 32 4 21 28 8 1 15 10 26 23 2 14 22 27 9 16 20 29 7
19 17 32 4 21 28 8 1 15 10 26 23 2 14 22 27 9 16 20 29 7 18 31 5 11 25 24 12 13 3 6 30
19 30 6 3 13 12 24 25 11 5 31 18 7 29 20 16 9 27 22 14 2 23 26 10 15 1 8 28 21 4 32 17
20 16 9 27 22 14 2 23 26 10 15 1 8 28 21 4 32 17 19 30 6 3 13 12 24 25 11 5 31 18 7 29
20 29 7 18 31 5 11 25 24 12 13 3 6 30 19 17 32 4 21 28 8 1 15 10 26 23 2 14 22 27 9 16
21 4 32 17 19 30 6 3 13 12 24 25 11 5 31 18 7 29 20 16 9 27 22 14 2 23 26 10 15 1 8 28
21 28 8 1 15 10 26 23 2 14 22 27 9 16 20 29 7 18 31 5 11 25 24 12 13 3 6 30 19 17 32 4
22 14 2 23 26 10 15 1 8 28 21 4 32 17 19 30 6 3 13 12 24 25 11 5 31 18 7 29 20 16 9 27
22 27 9 16 20 29 7 18 31 5 11 25 24 12 13 3 6 30 19 17 32 4 21 28 8 1 15 10 26 23 2 14
23 2 14 22 27 9 16 20 29 7 18 31 5 11 25 24 12 13 3 6 30 19 17 32 4 21 28 8 1 15 10 26
23 26 10 15 1 8 28 21 4 32 17 19 30 6 3 13 12 24 25 11 5 31 18 7 29 20 16 9 27 22 14 2
24 12 13 3 6 30 19 17 32 4 21 28 8 1 15 10 26 23 2 14 22 27 9 16 20 29 7 18 31 5 11 25
24 25 11 5 31 18 7 29 20 16 9 27 22 14 2 23 26 10 15 1 8 28 21 4 32 17 19 30 6 3 13 12
25 11 5 31 18 7 29 20 16 9 27 22 14 2 23 26 10 15 1 8 28 21 4 32 17 19 30 6 3 13 12 24
25 24 12 13 3 6 30 19 17 32 4 21 28 8 1 15 10 26 23 2 14 22 27 9 16 20 29 7 18 31 5 11
26 10 15 1 8 28 21 4 32 17 19 30 6 3 13 12 24 25 11 5 31 18 7 29 20 16 9 27 22 14 2 23
26 23 2 14 22 27 9 16 20 29 7 18 31 5 11 25 24 12 13 3 6 30 19 17 32 4 21 28 8 1 15 10
27 9 16 20 29 7 18 31 5 11 25 24 12 13 3 6 30 19 17 32 4 21 28 8 1 15 10 26 23 2 14 22
27 22 14 2 23 26 10 15 1 8 28 21 4 32 17 19 30 6 3 13 12 24 25 11 5 31 18 7 29 20 16 9
28 8 1 15 10 26 23 2 14 22 27 9 16 20 29 7 18 31 5 11 25 24 12 13 3 6 30 19 17 32 4 21
28 21 4 32 17 19 30 6 3 13 12 24 25 11 5 31 18 7 29 20 16 9 27 22 14 2 23 26 10 15 1 8
29 7 18 31 5 11 25 24 12 13 3 6 30 19 17 32 4 21 28 8 1 15 10 26 23 2 14 22 27 9 16 20
29 20 16 9 27 22 14 2 23 26 10 15 1 8 28 21 4 32 17 19 30 6 3 13 12 24 25 11 5 31 18 7
30 6 3 13 12 24 25 11 5 31 18 7 29 20 16 9 27 22 14 2 23 26 10 15 1 8 28 21 4 32 17 19
30 19 17 32 4 21 28 8 1 15 10 26 23 2 14 22 27 9 16 20 29 7 18 31 5 11 25 24 12 13 3 6
31 5 11 25 24 12 13 3 6 30 19 17 32 4 21 28 8 1 15 10 26 23 2 14 22 27 9 16 20 29 7 18
31 18 7 29 20 16 9 27 22 14 2 23 26 10 15 1 8 28 21 4 32 17 19 30 6 3 13 12 24 25 11 5
32 4 21 28 8 1 15 10 26 23 2 14 22 27 9 16 20 29 7 18 31 5 11 25 24 12 13 3 6 30 19 17
32 17 19 30 6 3 13 12 24 25 11 5 31 18 7 29 20 16 9 27 22 14 2 23 26 10 15 1 8 28 21 4
