1 8 28 21 4 32 17 19 30 6 3 13 12 24 25 11 5 31 18 7 29 20 16 9 27 22 14 2 23 26 10 15 
1 8 28 21 15 10 6 30 19 17 32 4 5 31 18 7 29 20 16 9 27 22 3 13 12 24 25 11 14 2 23 26 
1 8 28 21 15 10 26 23 2 7 18 31 5 4 32 17 19 30 6 3 13 12 24 25 11 14 22 27 9 16 20 29 
1 8 28 21 15 10 26 23 2 7 29 20 16 9 27 22 14 11 25 24 12 13 3 6 30 19 17 32 4 5 31 18 
1 8 28 21 15 10 26 23 2 14 11 25 24 12 13 3 6 30 19 17 32 4 5 31 18 7 29 20 16 9 27 22 
1 8 28 21 15 10 26 23 2 14 11 25 24 12 13 3 22 27 9 16 20 29 7 18 31 5 4 32 17 19 6 30 
1 8 28 21 15 10 26 23 2 14 11 25 24 12 13 3 22 27 9 16 20 29 7 18 31 5 4 32 17 19 30 6 
1 8 28 21 15 10 26 23 2 14 22 27 9 16 20 29 7 18 31 5 4 32 17 19 30 6 3 13 12 24 25 11 
1 8 28 21 15 10 26 23 2 14 22 27 9 16 20 29 7 18 31 5 11 25 24 12 4 32 17 19 30 6 3 13 
1 8 28 21 15 10 26 23 2 14 22 27 9 16 20 29 7 18 31 5 11 25 24 12 13 3 6 30 19 17 32 4 
1 8 28 21 15 10 26 23 13 3 6 30 19 17 32 4 12 24 25 11 5 31 18 7 2 14 22 27 9 16 20 29 
1 8 28 21 15 10 26 23 13 3 6 30 19 17 32 4 12 24 25 11 5 31 18 7 29 20 16 9 27 22 14 2 
1 8 28 21 15 10 26 23 13 12 24 25 11 14 2 7 18 31 5 4 32 17 19 30 6 3 22 27 9 16 20 29 
1 8 28 21 15 10 26 23 13 12 24 25 11 14 2 7 29 20 16 9 27 22 3 6 30 19 17 32 4 5 31 18 
1 15 10 26 23 2 14 22 27 9 16 20 29 7 18 31 5 11 25 24 12 13 3 6 30 19 17 8 28 21 4 32 
1 15 10 26 23 2 14 22 27 9 16 20 29 7 18 31 5 11 25 24 12 13 3 6 30 19 17 32 4 21 28 8 
1 15 21 28 8 17 19 30 6 10 26 23 2 14 11 25 24 12 13 3 22 27 9 16 20 29 7 18 31 5 4 32 
1 15 21 28 8 17 32 4 5 31 18 7 29 20 16 9 27 22 3 13 12 24 25 11 14 2 23 26 10 6 19 30 
1 15 21 28 8 17 32 4 5 31 18 7 29 20 16 9 27 22 3 13 12 24 25 11 14 2 23 26 10 6 30 19 
1 24 25 11 5 31 18 7 29 20 16 9 27 22 14 2 23 26 10 15 21 28 8 17 19 30 6 3 13 12 4 32 
1 24 25 11 5 31 18 7 29 20 16 9 27 22 14 2 23 26 10 15 21 28 8 17 32 4 12 13 3 6 19 30 
1 24 25 11 5 31 18 7 29 20 16 9 27 22 14 2 23 26 10 15 21 28 8 17 32 4 12 13 3 6 30 19 
2 7 18 31 5 4 32 17 19 30 6 3 1 8 28 21 15 10 26 23 13 12 24 25 11 14 22 27 9 16 20 29 
2 7 29 20 16 9 27 22 14 11 25 24 12 13 23 26 10 15 21 28 8 1 3 6 30 19 17 32 4 5 31 18 
2 14 11 5 31 18 7 29 20 16 9 27 22 3 6 30 19 17 32 4 12 13 23 26 10 15 21 28 8 1 24 25 
2 14 11 5 31 18 7 29 20 16 9 27 22 3 6 30 19 17 32 4 21 28 8 1 15 10 26 23 13 12 24 25 
2 14 11 25 24 1 8 28 21 15 10 26 23 13 12 4 5 31 18 7 29 20 16 9 27 22 3 6 30 19 17 32 
2 14 11 25 24 1 8 28 21 15 10 26 23 13 12 4 32 17 19 30 6 3 22 27 9 16 20 5 31 18 7 29 
2 14 11 25 24 1 8 28 21 15 10 26 23 13 12 4 32 17 19 30 6 3 22 27 9 16 20 29 7 18 31 5 
2 14 11 25 24 12 13 23 26 10 6 30 19 17 8 28 21 15 1 3 22 27 9 16 20 29 7 18 31 5 4 32 
2 14 11 25 24 12 13 23 26 10 6 30 19 17 32 4 5 31 18 7 29 20 16 9 27 22 3 1 8 28 21 15 
2 14 11 25 24 12 13 23 26 10 6 30 19 17 32 4 5 31 18 7 29 20 16 9 27 22 3 1 15 21 28 8 
2 14 11 25 24 12 13 23 26 10 15 1 8 28 21 4 5 31 18 7 29 20 16 9 27 22 3 6 30 19 17 32 
2 14 11 25 24 12 13 23 26 10 15 1 8 28 21 4 32 17 19 30 6 3 22 27 9 16 20 5 31 18 7 29 
2 14 11 25 24 12 13 23 26 10 15 1 8 28 21 4 32 17 19 30 6 3 22 27 9 16 20 29 7 18 31 5 
2 14 11 25 24 12 13 23 26 10 15 21 28 8 1 3 6 30 19 17 32 4 5 31 18 7 29 20 16 9 27 22 
2 14 11 25 24 12 13 23 26 10 15 21 28 8 1 3 22 27 9 16 20 29 7 18 31 5 4 32 17 19 6 30 
2 14 11 25 24 12 13 23 26 10 15 21 28 8 1 3 22 27 9 16 20 29 7 18 31 5 4 32 17 19 30 6 
2 14 22 3 6 30 19 17 32 4 12 13 23 26 10 15 21 28 8 1 24 25 11 5 31 18 7 29 20 16 9 27 
2 14 22 3 6 30 19 17 32 4 21 28 8 1 15 10 26 23 13 12 24 25 11 5 31 18 7 29 20 16 9 27 
2 14 22 27 9 16 20 29 7 18 31 5 4 32 17 19 30 6 3 1 8 28 21 15 10 26 23 13 12 24 25 11 
2 14 22 27 9 16 20 29 7 18 31 5 11 25 24 1 3 6 30 19 17 8 28 21 15 10 26 23 13 12 4 32 
2 14 22 27 9 16 20 29 7 18 31 5 11 25 24 1 3 6 30 19 17 32 4 12 13 23 26 10 15 21 28 8 
2 14 22 27 9 16 20 29 7 18 31 5 11 25 24 1 8 28 21 15 10 26 23 13 3 6 30 19 17 32 4 12 
2 14 22 27 9 16 20 29 7 18 31 5 11 25 24 1 8 28 21 15 10 26 23 13 12 4 32 17 19 30 6 3 
2 14 22 27 9 16 20 29 7 18 31 5 11 25 24 12 4 21 28 8 1 15 10 26 23 13 3 6 30 19 17 32 
2 14 22 27 9 16 20 29 7 18 31 5 11 25 24 12 4 32 17 8 28 21 15 1 3 13 23 26 10 6 19 30 
2 14 22 27 9 16 20 29 7 18 31 5 11 25 24 12 4 32 17 8 28 21 15 1 3 13 23 26 10 6 30 19 
2 14 22 27 9 16 20 29 7 18 31 5 11 25 24 12 4 32 17 19 30 6 3 1 8 28 21 15 10 26 23 13 
2 14 22 27 9 16 20 29 7 18 31 5 11 25 24 12 4 32 17 19 30 6 3 13 23 26 10 15 1 8 28 21 
2 14 22 27 9 16 20 29 7 18 31 5 11 25 24 12 4 32 17 19 30 6 3 13 23 26 10 15 21 28 8 1 
2 14 22 27 9 16 20 29 7 18 31 5 11 25 24 12 4 32 17 19 30 6 10 15 21 28 8 1 3 13 23 26 
2 14 22 27 9 16 20 29 7 18 31 5 11 25 24 12 4 32 17 19 30 6 10 26 23 13 3 1 8 28 21 15 
2 14 22 27 9 16 20 29 7 18 31 5 11 25 24 12 4 32 17 19 30 6 10 26 23 13 3 1 15 21 28 8 
2 14 22 27 9 16 20 29 7 18 31 5 11 25 24 12 13 3 6 30 19 17 32 4 21 28 8 1 15 10 26 23 
2 14 22 27 9 16 20 29 7 18 31 5 11 25 24 12 13 23 26 10 15 1 3 6 30 19 17 8 28 21 4 32 
2 14 22 27 9 16 20 29 7 18 31 5 11 25 24 12 13 23 26 10 15 1 3 6 30 19 17 32 4 21 28 8 
2 14 22 27 9 16 20 29 7 18 31 5 11 25 24 12 13 23 26 10 15 1 8 28 21 4 32 17 19 30 6 3 
2 14 22 27 9 16 20 29 7 18 31 5 11 25 24 12 13 23 26 10 15 21 4 32 17 19 30 6 3 1 8 28 
2 14 22 27 9 16 20 29 7 18 31 5 11 25 24 12 13 23 26 10 15 21 28 8 1 3 6 30 19 17 32 4 
2 23 13 12 24 25 11 14 22 27 9 16 20 29 7 18 31 5 4 32 17 19 30 6 3 1 8 28 21 15 10 26 
2 23 26 10 6 30 19 17 8 28 21 15 1 3 13 12 24 25 11 14 22 27 9 16 20 29 7 18 31 5 4 32 
2 23 26 10 6 30 19 17 32 4 5 31 18 7 29 20 16 9 27 22 14 11 25 24 12 13 3 1 8 28 21 15 
2 23 26 10 6 30 19 17 32 4 5 31 18 7 29 20 16 9 27 22 14 11 25 24 12 13 3 1 15 21 28 8 
2 23 26 10 15 1 8 28 21 4 5 31 18 7 29 20 16 9 27 22 14 11 25 24 12 13 3 6 30 19 17 32 
2 23 26 10 15 1 8 28 21 4 32 17 19 30 6 3 13 12 24 25 11 5 31 18 7 29 20 16 9 27 22 14 
2 23 26 10 15 1 8 28 21 4 32 17 19 30 6 3 13 12 24 25 11 14 22 27 9 16 20 5 31 18 7 29 
2 23 26 10 15 1 8 28 21 4 32 17 19 30 6 3 13 12 24 25 11 14 22 27 9 16 20 29 7 18 31 5 
2 23 26 10 15 21 28 8 1 3 6 30 19 17 32 4 5 31 18 7 29 20 16 9 27 22 14 11 25 24 12 13 
2 23 26 10 15 21 28 8 1 3 13 12 24 25 11 14 22 27 9 16 20 29 7 18 31 5 4 32 17 19 6 30 
2 23 26 10 15 21 28 8 1 3 13 12 24 25 11 14 22 27 9 16 20 29 7 18 31 5 4 32 17 19 30 6 
2 23 26 10 15 21 28 8 1 24 12 13 3 6 30 19 17 32 4 5 31 18 7 29 20 16 9 27 22 14 11 25 
2 23 26 10 15 21 28 8 1 24 25 11 14 22 27 9 16 20 29 7 18 31 5 4 12 13 3 6 30 19 17 32 
2 23 26 10 15 21 28 8 1 24 25 11 14 22 27 9 16 20 29 7 18 31 5 4 32 17 19 30 6 3 13 12 
3 6 30 19 17 32 4 12 13 23 2 14 22 27 9 16 20 29 7 18 31 5 11 25 24 1 8 28 21 15 10 26 
3 6 30 19 17 32 4 12 13 23 26 10 15 21 28 8 1 24 25 11 5 31 18 7 2 14 22 27 9 16 20 29 
3 6 30 19 17 32 4 12 13 23 26 10 15 21 28 8 1 24 25 11 5 31 18 7 29 20 16 9 27 22 14 2 
3 6 30 19 17 32 4 21 28 8 1 15 10 26 23 2 14 22 27 9 16 20 29 7 18 31 5 11 25 24 12 13 
3 6 30 19 17 32 4 21 28 8 1 15 10 26 23 13 12 24 25 11 5 31 18 7 2 14 22 27 9 16 20 29 
3 6 30 19 17 32 4 21 28 8 1 15 10 26 23 13 12 24 25 11 5 31 18 7 29 20 16 9 27 22 14 2 
3 13 12 4 32 17 8 28 21 15 1 24 25 11 5 31 18 7 29 20 16 9 27 22 14 2 23 26 10 6 19 30 
3 13 12 4 32 17 8 28 21 15 1 24 25 11 5 31 18 7 29 20 16 9 27 22 14 2 23 26 10 6 30 19 
3 13 12 4 32 17 19 30 6 10 15 21 28 8 1 24 25 11 5 31 18 7 29 20 16 9 27 22 14 2 23 26 
3 13 12 4 32 17 19 30 6 10 26 23 2 14 22 27 9 16 20 29 7 18 31 5 11 25 24 1 8 28 21 15 
3 13 12 4 32 17 19 30 6 10 26 23 2 14 22 27 9 16 20 29 7 18 31 5 11 25 24 1 15 21 28 8 
3 13 12 24 25 11 5 31 18 7 29 20 16 9 27 22 14 2 23 26 10 6 30 19 17 32 4 21 15 1 8 28 
3 13 12 24 25 11 5 31 18 7 29 20 16 9 27 22 14 2 23 26 10 6 30 19 17 32 4 21 28 8 1 15 
3 13 12 24 25 11 5 31 18 7 29 20 16 9 27 22 14 2 23 26 10 15 1 8 28 21 4 32 17 19 6 30 
3 13 12 24 25 11 5 31 18 7 29 20 16 9 27 22 14 2 23 26 10 15 1 8 28 21 4 32 17 19 30 6 
4 21 28 8 1 15 10 26 23 2 14 22 27 9 16 20 29 7 18 31 5 11 25 24 12 13 3 6 30 19 17 32 
4 32 17 8 28 21 15 1 3 13 12 24 25 11 5 31 18 7 29 20 16 9 27 22 14 2 23 26 10 6 19 30 
4 32 17 8 28 21 15 1 3 13 12 24 25 11 5 31 18 7 29 20 16 9 27 22 14 2 23 26 10 6 30 19 
4 32 17 19 30 6 3 1 8 28 21 15 10 26 23 2 14 22 27 9 16 20 29 7 18 31 5 11 25 24 12 13 
4 32 17 19 30 6 3 1 8 28 21 15 10 26 23 13 12 24 25 11 5 31 18 7 2 14 22 27 9 16 20 29 
4 32 17 19 30 6 3 1 8 28 21 15 10 26 23 13 12 24 25 11 5 31 18 7 29 20 16 9 27 22 14 2 
4 32 17 19 30 6 3 13 12 24 1 8 28 21 15 10 26 23 2 14 22 27 9 16 20 29 7 18 31 5 11 25 
4 32 17 19 30 6 3 13 12 24 25 11 5 31 18 7 29 20 16 9 27 22 14 2 23 26 10 15 1 8 28 21 
4 32 17 19 30 6 3 13 12 24 25 11 5 31 18 7 29 20 16 9 27 22 14 2 23 26 10 15 21 28 8 1 
4 32 17 19 30 6 10 15 21 28 8 1 3 13 12 24 25 11 5 31 18 7 29 20 16 9 27 22 14 2 23 26 
4 32 17 19 30 6 10 26 23 2 14 22 27 9 16 20 29 7 18 31 5 11 25 24 12 13 3 1 8 28 21 15 
4 32 17 19 30 6 10 26 23 2 14 22 27 9 16 20 29 7 18 31 5 11 25 24 12 13 3 1 15 21 28 8 
5 11 25 24 12 13 3 6 30 19 17 32 4 21 28 8 1 15 10 26 23 2 14 22 27 9 16 20 29 7 18 31 
5 31 18 7 2 14 11 25 24 1 8 28 21 15 10 26 23 13 12 4 32 17 19 30 6 3 22 27 9 16 20 29 
5 31 18 7 2 14 11 25 24 12 13 23 26 10 15 1 8 28 21 4 32 17 19 30 6 3 22 27 9 16 20 29 
5 31 18 7 2 23 26 10 15 1 8 28 21 4 32 17 19 30 6 3 13 12 24 25 11 14 22 27 9 16 20 29 
5 31 18 7 29 20 16 9 27 22 3 6 30 19 17 32 4 12 13 23 2 14 11 25 24 1 8 28 21 15 10 26 
5 31 18 7 29 20 16 9 27 22 3 6 30 19 17 32 4 12 13 23 26 10 15 21 28 8 1 24 25 11 14 2 
5 31 18 7 29 20 16 9 27 22 3 6 30 19 17 32 4 21 28 8 1 15 10 26 23 2 14 11 25 24 12 13 
5 31 18 7 29 20 16 9 27 22 3 6 30 19 17 32 4 21 28 8 1 15 10 26 23 13 12 24 25 11 14 2 
5 31 18 7 29 20 16 9 27 22 3 13 12 4 32 17 8 28 21 15 1 24 25 11 14 2 23 26 10 6 19 30 
5 31 18 7 29 20 16 9 27 22 3 13 12 4 32 17 8 28 21 15 1 24 25 11 14 2 23 26 10 6 30 19 
5 31 18 7 29 20 16 9 27 22 3 13 12 4 32 17 19 30 6 10 15 21 28 8 1 24 25 11 14 2 23 26 
5 31 18 7 29 20 16 9 27 22 3 13 12 4 32 17 19 30 6 10 26 23 2 14 11 25 24 1 8 28 21 15 
5 31 18 7 29 20 16 9 27 22 3 13 12 4 32 17 19 30 6 10 26 23 2 14 11 25 24 1 15 21 28 8 
5 31 18 7 29 20 16 9 27 22 3 13 12 24 25 11 14 2 23 26 10 6 30 19 17 32 4 21 15 1 8 28 
5 31 18 7 29 20 16 9 27 22 3 13 12 24 25 11 14 2 23 26 10 6 30 19 17 32 4 21 28 8 1 15 
5 31 18 7 29 20 16 9 27 22 3 13 12 24 25 11 14 2 23 26 10 15 1 8 28 21 4 32 17 19 6 30 
5 31 18 7 29 20 16 9 27 22 3 13 12 24 25 11 14 2 23 26 10 15 1 8 28 21 4 32 17 19 30 6 
5 31 18 7 29 20 16 9 27 22 14 2 23 26 10 15 1 8 28 21 4 32 17 19 30 6 3 13 12 24 25 11 
5 31 18 7 29 20 16 9 27 22 14 11 25 24 12 13 3 6 30 19 17 32 4 21 28 8 1 15 10 26 23 2 
6 3 13 12 24 25 11 5 31 18 7 29 20 16 9 27 22 14 2 23 26 10 15 1 8 28 21 4 32 17 19 30 
6 30 19 17 8 28 21 15 10 26 23 2 14 22 27 9 16 20 29 7 18 31 5 11 25 24 1 3 13 12 4 32 
6 30 19 17 32 4 5 11 25 24 12 13 3 1 8 28 21 15 10 26 23 2 14 22 27 9 16 20 29 7 18 31 
6 30 19 17 32 4 5 31 18 7 2 14 11 25 24 12 13 23 26 10 15 21 28 8 1 3 22 27 9 16 20 29 
6 30 19 17 32 4 5 31 18 7 2 23 26 10 15 21 28 8 1 3 13 12 24 25 11 14 22 27 9 16 20 29 
6 30 19 17 32 4 5 31 18 7 29 20 16 9 27 22 3 1 8 28 21 15 10 26 23 2 14 11 25 24 12 13 
6 30 19 17 32 4 5 31 18 7 29 20 16 9 27 22 3 1 8 28 21 15 10 26 23 13 12 24 25 11 14 2 
6 30 19 17 32 4 5 31 18 7 29 20 16 9 27 22 3 13 12 24 1 8 28 21 15 10 26 23 2 14 11 25 
6 30 19 17 32 4 5 31 18 7 29 20 16 9 27 22 3 13 12 24 25 11 14 2 23 26 10 15 1 8 28 21 
6 30 19 17 32 4 5 31 18 7 29 20 16 9 27 22 3 13 12 24 25 11 14 2 23 26 10 15 21 28 8 1 
6 30 19 17 32 4 5 31 18 7 29 20 16 9 27 22 14 2 23 26 10 15 21 28 8 1 3 13 12 24 25 11 
6 30 19 17 32 4 5 31 18 7 29 20 16 9 27 22 14 11 25 24 12 13 3 1 8 28 21 15 10 26 23 2 
6 30 19 17 32 4 12 13 3 1 8 28 21 15 10 26 23 2 14 22 27 9 16 20 29 7 18 31 5 11 25 24 
6 30 19 17 32 4 12 13 3 1 24 25 11 5 31 18 7 29 20 16 9 27 22 14 2 23 26 10 15 21 28 8 
6 30 19 17 32 4 12 13 3 22 14 2 23 26 10 15 21 28 8 1 24 25 11 5 31 18 7 29 20 16 9 27 
6 30 19 17 32 4 12 13 3 22 27 9 16 20 29 7 18 31 5 11 14 2 23 26 10 15 21 28 8 1 24 25 
6 30 19 17 32 4 12 13 3 22 27 9 16 20 29 7 18 31 5 11 25 24 1 8 28 21 15 10 26 23 2 14 
6 30 19 17 32 4 12 24 25 11 5 31 18 7 29 20 16 9 27 22 14 2 23 13 3 1 8 28 21 15 10 26 
6 30 19 17 32 4 12 24 25 11 5 31 18 7 29 20 16 9 27 22 14 2 23 26 10 15 21 28 8 1 3 13 
6 30 19 17 32 4 21 15 10 26 23 2 14 22 27 9 16 20 29 7 18 31 5 11 25 24 12 13 3 1 8 28 
6 30 19 17 32 4 21 28 8 1 3 13 12 24 25 11 5 31 18 7 29 20 16 9 27 22 14 2 23 26 10 15 
6 30 19 17 32 4 21 28 8 1 15 10 26 23 2 14 11 5 31 18 7 29 20 16 9 27 22 3 13 12 24 25 
6 30 19 17 32 4 21 28 8 1 15 10 26 23 2 14 11 25 24 12 13 3 22 27 9 16 20 5 31 18 7 29 
6 30 19 17 32 4 21 28 8 1 15 10 26 23 2 14 11 25 24 12 13 3 22 27 9 16 20 29 7 18 31 5 
6 30 19 17 32 4 21 28 8 1 15 10 26 23 2 14 22 3 13 12 24 25 11 5 31 18 7 29 20 16 9 27 
6 30 19 17 32 4 21 28 8 1 15 10 26 23 2 14 22 27 9 16 20 29 7 18 31 5 11 25 24 12 13 3 
7 18 31 5 11 25 24 12 13 3 6 30 19 17 32 4 21 28 8 1 15 10 26 23 2 14 22 27 9 16 20 29 
7 29 20 16 9 27 22 14 2 23 26 10 15 1 8 28 21 4 32 17 19 30 6 3 13 12 24 25 11 5 31 18 
8 1 15 10 26 23 2 14 22 27 9 16 20 29 7 18 31 5 11 25 24 12 13 3 6 30 19 17 32 4 21 28 
8 28 21 4 32 17 19 30 6 3 1 15 10 26 23 2 14 22 27 9 16 20 29 7 18 31 5 11 25 24 12 13 
8 28 21 4 32 17 19 30 6 3 1 15 10 26 23 13 12 24 25 11 5 31 18 7 2 14 22 27 9 16 20 29 
8 28 21 4 32 17 19 30 6 3 1 15 10 26 23 13 12 24 25 11 5 31 18 7 29 20 16 9 27 22 14 2 
8 28 21 4 32 17 19 30 6 3 13 12 24 1 15 10 26 23 2 14 22 27 9 16 20 29 7 18 31 5 11 25 
8 28 21 4 32 17 19 30 6 3 13 12 24 25 11 5 31 18 7 29 20 16 9 27 22 14 2 23 26 10 15 1 
8 28 21 4 32 17 19 30 6 10 15 1 3 13 12 24 25 11 5 31 18 7 29 20 16 9 27 22 14 2 23 26 
8 28 21 4 32 17 19 30 6 10 26 23 2 14 22 27 9 16 20 29 7 18 31 5 11 25 24 12 13 3 1 15 
8 28 21 15 1 3 13 12 4 32 17 19 30 6 10 26 23 2 14 22 27 9 16 20 29 7 18 31 5 11 25 24 
8 28 21 15 1 3 13 12 24 25 11 5 4 32 17 19 30 6 10 26 23 2 14 22 27 9 16 20 29 7 18 31 
8 28 21 15 1 3 13 12 24 25 11 5 31 18 7 29 20 16 9 27 22 14 2 23 26 10 6 30 19 17 32 4 
8 28 21 15 1 3 13 12 24 25 11 14 2 23 26 10 6 30 19 17 32 4 5 31 18 7 29 20 16 9 27 22 
8 28 21 15 1 3 13 12 24 25 11 14 22 27 9 16 20 29 7 2 23 26 10 6 30 19 17 32 4 5 31 18 
8 28 21 15 1 3 13 12 24 25 11 14 22 27 9 16 20 29 7 18 31 5 4 32 17 19 30 6 10 26 23 2 
8 28 21 15 1 3 13 23 2 14 22 27 9 16 20 29 7 18 31 5 11 25 24 12 4 32 17 19 30 6 10 26 
8 28 21 15 1 3 13 23 26 10 6 30 19 17 32 4 12 24 25 11 5 31 18 7 2 14 22 27 9 16 20 29 
8 28 21 15 1 3 13 23 26 10 6 30 19 17 32 4 12 24 25 11 5 31 18 7 29 20 16 9 27 22 14 2 
8 28 21 15 1 3 22 27 9 16 20 29 7 2 14 11 25 24 12 13 23 26 10 6 30 19 17 32 4 5 31 18 
8 28 21 15 1 3 22 27 9 16 20 29 7 18 31 5 4 32 17 19 30 6 10 26 23 2 14 11 25 24 12 13 
8 28 21 15 1 3 22 27 9 16 20 29 7 18 31 5 4 32 17 19 30 6 10 26 23 13 12 24 25 11 14 2 
8 28 21 15 1 24 12 13 3 22 27 9 16 20 29 7 18 31 5 4 32 17 19 30 6 10 26 23 2 14 11 25 
8 28 21 15 1 24 25 11 5 31 18 7 29 20 16 9 27 22 3 13 12 4 32 17 19 30 6 10 26 23 2 14 
8 28 21 15 1 24 25 11 5 31 18 7 29 20 16 9 27 22 14 2 23 26 10 6 3 13 12 4 32 17 19 30 
8 28 21 15 1 24 25 11 5 31 18 7 29 20 16 9 27 22 14 2 23 26 10 6 30 19 17 32 4 12 13 3 
8 28 21 15 1 24 25 11 14 2 23 26 10 6 30 19 17 32 4 5 31 18 7 29 20 16 9 27 22 3 13 12 
8 28 21 15 1 24 25 11 14 2 23 26 10 6 30 19 17 32 4 12 13 3 22 27 9 16 20 5 31 18 7 29 
8 28 21 15 1 24 25 11 14 2 23 26 10 6 30 19 17 32 4 12 13 3 22 27 9 16 20 29 7 18 31 5 
8 28 21 15 10 6 30 19 17 32 4 12 13 3 1 24 25 11 5 31 18 7 29 20 16 9 27 22 14 2 23 26 
8 28 21 15 10 26 23 2 14 22 27 9 16 20 29 7 18 31 5 11 25 24 1 3 6 30 19 17 32 4 12 13 
8 28 21 15 10 26 23 2 14 22 27 9 16 20 29 7 18 31 5 11 25 24 1 3 13 12 4 32 17 19 6 30 
8 28 21 15 10 26 23 2 14 22 27 9 16 20 29 7 18 31 5 11 25 24 1 3 13 12 4 32 17 19 30 6 
8 28 21 15 10 26 23 13 12 4 32 17 19 30 6 3 1 24 25 11 5 31 18 7 2 14 22 27 9 16 20 29 
8 28 21 15 10 26 23 13 12 4 32 17 19 30 6 3 1 24 25 11 5 31 18 7 29 20 16 9 27 22 14 2 
9 16 20 29 7 18 31 5 11 25 24 12 13 3 6 30 19 17 32 4 21 28 8 1 15 10 26 23 2 14 22 27 
9 27 22 14 2 23 26 10 15 1 8 28 21 4 32 17 19 30 6 3 13 12 24 25 11 5 31 18 7 29 20 16 
10 15 1 8 28 21 4 32 17 19 30 6 3 13 12 24 25 11 5 31 18 7 29 20 16 9 27 22 14 2 23 26 
10 26 23 2 14 22 27 9 16 20 29 7 18 31 5 11 25 24 1 15 21 28 8 17 19 30 6 3 13 12 4 32 
10 26 23 2 14 22 27 9 16 20 29 7 18 31 5 11 25 24 1 15 21 28 8 17 32 4 12 13 3 6 19 30 
10 26 23 2 14 22 27 9 16 20 29 7 18 31 5 11 25 24 1 15 21 28 8 17 32 4 12 13 3 6 30 19 
10 26 23 2 14 22 27 9 16 20 29 7 18 31 5 11 25 24 12 13 3 6 30 19 17 32 4 21 15 1 8 28 
10 26 23 2 14 22 27 9 16 20 29 7 18 31 5 11 25 24 12 13 3 6 30 19 17 32 4 21 28 8 1 15 
11 5 31 18 7 29 20 16 9 27 22 14 2 23 26 10 15 1 8 28 21 4 32 17 19 30 6 3 13 12 24 25 
11 25 24 1 8 28 21 15 10 26 23 2 14 22 27 9 16 20 29 7 18 31 5 4 12 13 3 6 30 19 17 32 
11 25 24 1 8 28 21 15 10 26 23 2 14 22 27 9 16 20 29 7 18 31 5 4 32 17 19 30 6 3 13 12 
11 25 24 12 13 3 1 8 28 21 15 10 6 30 19 17 32 4 5 31 18 7 29 20 16 9 27 22 14 2 23 26 
11 25 24 12 13 3 1 8 28 21 15 10 26 23 2 14 22 27 9 16 20 29 7 18 31 5 4 32 17 19 6 30 
11 25 24 12 13 3 1 8 28 21 15 10 26 23 2 14 22 27 9 16 20 29 7 18 31 5 4 32 17 19 30 6 
11 25 24 12 13 3 1 15 21 28 8 17 19 30 6 10 26 23 2 14 22 27 9 16 20 29 7 18 31 5 4 32 
11 25 24 12 13 3 1 15 21 28 8 17 32 4 5 31 18 7 29 20 16 9 27 22 14 2 23 26 10 6 19 30 
11 25 24 12 13 3 1 15 21 28 8 17 32 4 5 31 18 7 29 20 16 9 27 22 14 2 23 26 10 6 30 19 
11 25 24 12 13 3 6 30 19 17 32 4 5 31 18 7 29 20 16 9 27 22 14 2 23 26 10 15 1 8 28 21 
11 25 24 12 13 3 6 30 19 17 32 4 5 31 18 7 29 20 16 9 27 22 14 2 23 26 10 15 21 28 8 1 
11 25 24 12 13 3 6 30 19 17 32 4 21 28 8 1 15 10 26 23 2 14 22 27 9 16 20 5 31 18 7 29 
11 25 24 12 13 3 6 30 19 17 32 4 21 28 8 1 15 10 26 23 2 14 22 27 9 16 20 29 7 18 31 5 
11 25 24 12 13 23 2 14 22 27 9 16 20 29 7 18 31 5 4 32 17 19 30 6 3 1 8 28 21 15 10 26 
11 25 24 12 13 23 26 10 15 21 28 8 1 3 6 30 19 17 32 4 5 31 18 7 2 14 22 27 9 16 20 29 
11 25 24 12 13 23 26 10 15 21 28 8 1 3 6 30 19 17 32 4 5 31 18 7 29 20 16 9 27 22 14 2 
12 4 32 17 19 30 6 3 13 23 2 14 22 27 9 16 20 29 7 18 31 5 11 25 24 1 8 28 21 15 10 26 
12 4 32 17 19 30 6 3 13 23 26 10 15 21 28 8 1 24 25 11 5 31 18 7 2 14 22 27 9 16 20 29 
12 4 32 17 19 30 6 3 13 23 26 10 15 21 28 8 1 24 25 11 5 31 18 7 29 20 16 9 27 22 14 2 
12 13 3 6 30 19 17 32 4 5 11 25 24 1 8 28 21 15 10 26 23 2 14 22 27 9 16 20 29 7 18 31 
12 13 3 6 30 19 17 32 4 5 31 18 7 2 23 26 10 15 21 28 8 1 24 25 11 14 22 27 9 16 20 29 
12 13 3 6 30 19 17 32 4 5 31 18 7 29 20 16 9 27 22 14 2 23 26 10 15 21 28 8 1 24 25 11 
12 13 3 6 30 19 17 32 4 5 31 18 7 29 20 16 9 27 22 14 11 25 24 1 8 28 21 15 10 26 23 2 
12 13 3 6 30 19 17 32 4 21 15 10 26 23 2 14 22 27 9 16 20 29 7 18 31 5 11 25 24 1 8 28 
12 13 3 6 30 19 17 32 4 21 28 8 1 15 10 26 23 2 14 22 27 9 16 20 29 7 18 31 5 11 25 24 
12 13 3 6 30 19 17 32 4 21 28 8 1 24 25 11 5 31 18 7 29 20 16 9 27 22 14 2 23 26 10 15 
12 13 3 22 27 9 16 20 29 7 18 31 5 4 32 17 8 28 21 15 1 24 25 11 14 2 23 26 10 6 19 30 
12 13 3 22 27 9 16 20 29 7 18 31 5 4 32 17 8 28 21 15 1 24 25 11 14 2 23 26 10 6 30 19 
12 13 3 22 27 9 16 20 29 7 18 31 5 4 32 17 19 30 6 10 15 21 28 8 1 24 25 11 14 2 23 26 
12 13 3 22 27 9 16 20 29 7 18 31 5 4 32 17 19 30 6 10 26 23 2 14 11 25 24 1 8 28 21 15 
12 13 3 22 27 9 16 20 29 7 18 31 5 4 32 17 19 30 6 10 26 23 2 14 11 25 24 1 15 21 28 8 
12 13 23 26 10 15 21 28 8 1 24 25 11 14 2 7 18 31 5 4 32 17 19 30 6 3 22 27 9 16 20 29 
12 13 23 26 10 15 21 28 8 1 24 25 11 14 2 7 29 20 16 9 27 22 3 6 30 19 17 32 4 5 31 18 
12 24 25 11 5 31 18 7 29 20 16 9 27 22 14 2 23 13 3 6 30 19 17 32 4 21 28 8 1 15 10 26 
12 24 25 11 5 31 18 7 29 20 16 9 27 22 14 2 23 26 10 15 1 8 28 21 4 32 17 19 30 6 3 13 
13 3 1 8 28 21 15 10 6 30 19 17 32 4 12 24 25 11 5 31 18 7 29 20 16 9 27 22 14 2 23 26 
13 3 1 8 28 21 15 10 26 23 2 14 22 27 9 16 20 29 7 18 31 5 11 25 24 12 4 32 17 19 6 30 
13 3 1 8 28 21 15 10 26 23 2 14 22 27 9 16 20 29 7 18 31 5 11 25 24 12 4 32 17 19 30 6 
13 3 1 15 21 28 8 17 19 30 6 10 26 23 2 14 22 27 9 16 20 29 7 18 31 5 11 25 24 12 4 32 
13 3 1 15 21 28 8 17 32 4 12 24 25 11 5 31 18 7 29 20 16 9 27 22 14 2 23 26 10 6 19 30 
13 3 1 15 21 28 8 17 32 4 12 24 25 11 5 31 18 7 29 20 16 9 27 22 14 2 23 26 10 6 30 19 
13 3 6 30 19 17 32 4 12 24 1 8 28 21 15 10 26 23 2 14 22 27 9 16 20 29 7 18 31 5 11 25 
13 3 6 30 19 17 32 4 12 24 25 11 5 31 18 7 29 20 16 9 27 22 14 2 23 26 10 15 1 8 28 21 
13 3 6 30 19 17 32 4 12 24 25 11 5 31 18 7 29 20 16 9 27 22 14 2 23 26 10 15 21 28 8 1 
13 3 6 30 19 17 32 4 21 28 8 1 15 10 26 23 2 14 22 27 9 16 20 29 7 18 31 5 11 25 24 12 
13 12 4 32 17 8 28 21 15 10 26 23 2 14 22 27 9 16 20 29 7 18 31 5 11 25 24 1 3 6 19 30 
13 12 4 32 17 8 28 21 15 10 26 23 2 14 22 27 9 16 20 29 7 18 31 5 11 25 24 1 3 6 30 19 
13 12 4 32 17 19 30 6 3 1 8 28 21 15 10 26 23 2 14 22 27 9 16 20 29 7 18 31 5 11 25 24 
13 12 4 32 17 19 30 6 3 1 24 25 11 5 31 18 7 29 20 16 9 27 22 14 2 23 26 10 15 21 28 8 
13 12 4 32 17 19 30 6 3 22 14 2 23 26 10 15 21 28 8 1 24 25 11 5 31 18 7 29 20 16 9 27 
13 12 4 32 17 19 30 6 3 22 27 9 16 20 29 7 18 31 5 11 14 2 23 26 10 15 21 28 8 1 24 25 
13 12 4 32 17 19 30 6 3 22 27 9 16 20 29 7 18 31 5 11 25 24 1 8 28 21 15 10 26 23 2 14 
13 12 24 25 11 5 4 32 17 19 30 6 3 1 8 28 21 15 10 26 23 2 14 22 27 9 16 20 29 7 18 31 
13 12 24 25 11 5 31 18 7 29 20 16 9 27 22 3 6 30 19 17 32 4 21 28 8 1 15 10 26 23 2 14 
13 12 24 25 11 5 31 18 7 29 20 16 9 27 22 14 2 23 26 10 15 1 3 6 30 19 17 8 28 21 4 32 
13 12 24 25 11 5 31 18 7 29 20 16 9 27 22 14 2 23 26 10 15 1 3 6 30 19 17 32 4 21 28 8 
13 12 24 25 11 5 31 18 7 29 20 16 9 27 22 14 2 23 26 10 15 1 8 28 21 4 32 17 19 30 6 3 
13 12 24 25 11 5 31 18 7 29 20 16 9 27 22 14 2 23 26 10 15 21 4 32 17 19 30 6 3 1 8 28 
13 12 24 25 11 5 31 18 7 29 20 16 9 27 22 14 2 23 26 10 15 21 28 8 1 3 6 30 19 17 32 4 
13 12 24 25 11 14 2 23 26 10 6 30 19 17 8 28 21 15 1 3 22 27 9 16 20 29 7 18 31 5 4 32 
13 12 24 25 11 14 2 23 26 10 6 30 19 17 32 4 5 31 18 7 29 20 16 9 27 22 3 1 8 28 21 15 
13 12 24 25 11 14 2 23 26 10 6 30 19 17 32 4 5 31 18 7 29 20 16 9 27 22 3 1 15 21 28 8 
13 12 24 25 11 14 2 23 26 10 15 1 8 28 21 4 5 31 18 7 29 20 16 9 27 22 3 6 30 19 17 32 
13 12 24 25 11 14 2 23 26 10 15 1 8 28 21 4 32 17 19 30 6 3 22 27 9 16 20 5 31 18 7 29 
13 12 24 25 11 14 2 23 26 10 15 1 8 28 21 4 32 17 19 30 6 3 22 27 9 16 20 29 7 18 31 5 
13 12 24 25 11 14 2 23 26 10 15 21 28 8 1 3 6 30 19 17 32 4 5 31 18 7 29 20 16 9 27 22 
13 12 24 25 11 14 2 23 26 10 15 21 28 8 1 3 22 27 9 16 20 29 7 18 31 5 4 32 17 19 6 30 
13 12 24 25 11 14 2 23 26 10 15 21 28 8 1 3 22 27 9 16 20 29 7 18 31 5 4 32 17 19 30 6 
13 12 24 25 11 14 22 27 9 16 20 29 7 2 23 26 10 15 21 28 8 1 3 6 30 19 17 32 4 5 31 18 
13 12 24 25 11 14 22 27 9 16 20 29 7 18 31 5 4 32 17 19 30 6 3 1 8 28 21 15 10 26 23 2 
13 23 2 14 22 27 9 16 20 29 7 18 31 5 11 25 24 12 4 32 17 19 30 6 3 1 8 28 21 15 10 26 
13 23 26 10 15 21 28 8 1 3 6 30 19 17 32 4 12 24 25 11 5 31 18 7 2 14 22 27 9 16 20 29 
13 23 26 10 15 21 28 8 1 3 6 30 19 17 32 4 12 24 25 11 5 31 18 7 29 20 16 9 27 22 14 2 
14 2 7 18 31 5 11 25 24 1 8 28 21 15 10 26 23 13 12 4 32 17 19 30 6 3 22 27 9 16 20 29 
14 2 7 18 31 5 11 25 24 12 13 23 26 10 15 1 8 28 21 4 32 17 19 30 6 3 22 27 9 16 20 29 
14 2 7 29 20 16 9 27 22 3 6 30 19 17 32 4 12 13 23 26 10 15 21 28 8 1 24 25 11 5 31 18 
14 2 7 29 20 16 9 27 22 3 6 30 19 17 32 4 21 28 8 1 15 10 26 23 13 12 24 25 11 5 31 18 
14 2 23 13 12 4 32 17 19 30 6 3 22 27 9 16 20 29 7 18 31 5 11 25 24 1 8 28 21 15 10 26 
14 2 23 13 12 24 25 11 5 31 18 7 29 20 16 9 27 22 3 6 30 19 17 32 4 21 28 8 1 15 10 26 
14 2 23 26 10 6 30 19 17 8 28 21 15 1 24 25 11 5 31 18 7 29 20 16 9 27 22 3 13 12 4 32 
14 2 23 26 10 6 30 19 17 32 4 12 13 3 22 27 9 16 20 29 7 18 31 5 11 25 24 1 8 28 21 15 
14 2 23 26 10 6 30 19 17 32 4 12 13 3 22 27 9 16 20 29 7 18 31 5 11 25 24 1 15 21 28 8 
14 2 23 26 10 15 1 8 28 21 4 32 17 19 30 6 3 13 12 24 25 11 5 31 18 7 29 20 16 9 27 22 
14 2 23 26 10 15 1 8 28 21 4 32 17 19 30 6 3 22 27 9 16 20 29 7 18 31 5 11 25 24 12 13 
14 2 23 26 10 15 21 28 8 1 24 25 11 5 31 18 7 29 20 16 9 27 22 3 6 30 19 17 32 4 12 13 
14 2 23 26 10 15 21 28 8 1 24 25 11 5 31 18 7 29 20 16 9 27 22 3 13 12 4 32 17 19 6 30 
14 2 23 26 10 15 21 28 8 1 24 25 11 5 31 18 7 29 20 16 9 27 22 3 13 12 4 32 17 19 30 6 
14 22 27 9 16 20 29 7 2 23 26 10 15 1 8 28 21 4 32 17 19 30 6 3 13 12 24 25 11 5 31 18 
14 22 27 9 16 20 29 7 18 31 5 11 25 24 12 13 3 6 30 19 17 32 4 21 28 8 1 15 10 26 23 2 
15 1 3 13 12 24 25 11 5 31 18 7 29 20 16 9 27 22 14 2 23 26 10 6 30 19 17 8 28 21 4 32 
15 1 3 13 12 24 25 11 5 31 18 7 29 20 16 9 27 22 14 2 23 26 10 6 30 19 17 32 4 21 28 8 
15 1 8 28 21 4 5 31 18 7 29 20 16 9 27 22 3 13 12 24 25 11 14 2 23 26 10 6 30 19 17 32 
15 1 8 28 21 4 32 17 19 30 6 3 13 12 24 25 11 5 31 18 7 29 20 16 9 27 22 14 2 23 26 10 
15 1 8 28 21 4 32 17 19 30 6 10 26 23 2 14 11 5 31 18 7 29 20 16 9 27 22 3 13 12 24 25 
15 1 8 28 21 4 32 17 19 30 6 10 26 23 2 14 11 25 24 12 13 3 22 27 9 16 20 5 31 18 7 29 
15 1 8 28 21 4 32 17 19 30 6 10 26 23 2 14 11 25 24 12 13 3 22 27 9 16 20 29 7 18 31 5 
15 1 8 28 21 4 32 17 19 30 6 10 26 23 2 14 22 3 13 12 24 25 11 5 31 18 7 29 20 16 9 27 
15 1 8 28 21 4 32 17 19 30 6 10 26 23 2 14 22 27 9 16 20 29 7 18 31 5 11 25 24 12 13 3 
15 10 6 30 19 17 32 4 21 28 8 1 3 13 12 24 25 11 5 31 18 7 29 20 16 9 27 22 14 2 23 26 
15 10 26 23 2 14 22 27 9 16 20 29 7 18 31 5 11 25 24 1 8 28 21 4 12 13 3 6 30 19 17 32 
15 10 26 23 2 14 22 27 9 16 20 29 7 18 31 5 11 25 24 1 8 28 21 4 32 17 19 30 6 3 13 12 
15 10 26 23 2 14 22 27 9 16 20 29 7 18 31 5 11 25 24 12 13 3 1 8 28 21 4 32 17 19 6 30 
15 10 26 23 2 14 22 27 9 16 20 29 7 18 31 5 11 25 24 12 13 3 1 8 28 21 4 32 17 19 30 6 
15 10 26 23 2 14 22 27 9 16 20 29 7 18 31 5 11 25 24 12 13 3 6 30 19 17 32 4 21 28 8 1 
15 21 4 32 17 19 30 6 10 26 23 2 14 22 27 9 16 20 29 7 18 31 5 11 25 24 12 13 3 1 8 28 
15 21 28 8 1 3 13 12 4 32 17 19 30 6 10 26 23 2 14 22 27 9 16 20 29 7 18 31 5 11 25 24 
15 21 28 8 1 3 13 12 24 25 11 5 4 32 17 19 30 6 10 26 23 2 14 22 27 9 16 20 29 7 18 31 
15 21 28 8 1 3 13 12 24 25 11 5 31 18 7 29 20 16 9 27 22 14 2 23 26 10 6 30 19 17 32 4 
15 21 28 8 1 3 13 12 24 25 11 14 2 23 26 10 6 30 19 17 32 4 5 31 18 7 29 20 16 9 27 22 
15 21 28 8 1 3 13 12 24 25 11 14 22 27 9 16 20 29 7 2 23 26 10 6 30 19 17 32 4 5 31 18 
15 21 28 8 1 3 13 12 24 25 11 14 22 27 9 16 20 29 7 18 31 5 4 32 17 19 30 6 10 26 23 2 
15 21 28 8 1 3 13 23 2 14 22 27 9 16 20 29 7 18 31 5 11 25 24 12 4 32 17 19 30 6 10 26 
15 21 28 8 1 3 13 23 26 10 6 30 19 17 32 4 12 24 25 11 5 31 18 7 2 14 22 27 9 16 20 29 
15 21 28 8 1 3 13 23 26 10 6 30 19 17 32 4 12 24 25 11 5 31 18 7 29 20 16 9 27 22 14 2 
15 21 28 8 1 3 22 27 9 16 20 29 7 2 14 11 25 24 12 13 23 26 10 6 30 19 17 32 4 5 31 18 
15 21 28 8 1 3 22 27 9 16 20 29 7 18 31 5 4 32 17 19 30 6 10 26 23 2 14 11 25 24 12 13 
15 21 28 8 1 3 22 27 9 16 20 29 7 18 31 5 4 32 17 19 30 6 10 26 23 13 12 24 25 11 14 2 
15 21 28 8 1 24 12 13 3 22 27 9 16 20 29 7 18 31 5 4 32 17 19 30 6 10 26 23 2 14 11 25 
15 21 28 8 1 24 25 11 5 31 18 7 29 20 16 9 27 22 3 13 12 4 32 17 19 30 6 10 26 23 2 14 
15 21 28 8 1 24 25 11 5 31 18 7 29 20 16 9 27 22 14 2 23 26 10 6 3 13 12 4 32 17 19 30 
15 21 28 8 1 24 25 11 5 31 18 7 29 20 16 9 27 22 14 2 23 26 10 6 30 19 17 32 4 12 13 3 
15 21 28 8 1 24 25 11 14 2 23 26 10 6 30 19 17 32 4 5 31 18 7 29 20 16 9 27 22 3 13 12 
15 21 28 8 1 24 25 11 14 2 23 26 10 6 30 19 17 32 4 12 13 3 22 27 9 16 20 5 31 18 7 29 
15 21 28 8 1 24 25 11 14 2 23 26 10 6 30 19 17 32 4 12 13 3 22 27 9 16 20 29 7 18 31 5 
15 21 28 8 17 19 30 6 10 26 23 2 14 22 27 9 16 20 29 7 18 31 5 11 25 24 1 3 13 12 4 32 
15 21 28 8 17 32 4 12 13 3 1 24 25 11 5 31 18 7 29 20 16 9 27 22 14 2 23 26 10 6 19 30 
15 21 28 8 17 32 4 12 13 3 1 24 25 11 5 31 18 7 29 20 16 9 27 22 14 2 23 26 10 6 30 19 
16 9 27 22 3 6 30 19 17 32 4 12 13 23 26 10 15 21 28 8 1 24 25 11 14 2 7 18 31 5 20 29 
16 9 27 22 3 6 30 19 17 32 4 12 13 23 26 10 15 21 28 8 1 24 25 11 14 2 7 29 20 5 31 18 
16 9 27 22 3 6 30 19 17 32 4 21 28 8 1 15 10 26 23 13 12 24 25 11 14 2 7 18 31 5 20 29 
16 9 27 22 3 6 30 19 17 32 4 21 28 8 1 15 10 26 23 13 12 24 25 11 14 2 7 29 20 5 31 18 
16 9 27 22 14 2 23 26 10 15 1 8 28 21 4 32 17 19 30 6 3 13 12 24 25 11 5 20 29 7 18 31 
16 9 27 22 14 2 23 26 10 15 1 8 28 21 4 32 17 19 30 6 3 13 12 24 25 11 5 31 18 7 29 20 
16 9 27 22 14 11 25 24 12 13 3 6 30 19 17 32 4 21 28 8 1 15 10 26 23 2 7 18 31 5 20 29 
16 9 27 22 14 11 25 24 12 13 3 6 30 19 17 32 4 21 28 8 1 15 10 26 23 2 7 29 20 5 31 18 
16 20 29 7 9 27 22 14 2 23 26 10 15 1 8 28 21 4 32 17 19 30 6 3 13 12 24 25 11 5 31 18 
16 20 29 7 18 31 5 11 25 24 12 13 3 6 30 19 17 32 4 21 28 8 1 15 10 26 23 2 14 22 27 9 
17 19 30 6 3 13 12 24 25 11 5 31 18 7 29 20 16 9 27 22 14 2 23 26 10 15 1 8 28 21 4 32 
17 32 4 21 28 8 1 15 10 26 23 2 14 22 27 9 16 20 29 7 18 31 5 11 25 24 12 13 3 6 19 30 
17 32 4 21 28 8 1 15 10 26 23 2 14 22 27 9 16 20 29 7 18 31 5 11 25 24 12 13 3 6 30 19 
18 7 29 20 16 9 27 22 14 2 23 26 10 15 1 8 28 21 4 32 17 19 30 6 3 13 12 24 25 11 5 31 
18 31 5 4 12 13 23 26 10 15 21 28 8 1 24 25 11 14 2 7 29 20 16 9 27 22 3 6 30 19 17 32 
18 31 5 4 21 28 8 1 15 10 26 23 2 7 29 20 16 9 27 22 14 11 25 24 12 13 3 6 30 19 17 32 
18 31 5 4 21 28 8 1 15 10 26 23 13 12 24 25 11 14 2 7 29 20 16 9 27 22 3 6 30 19 17 32 
18 31 5 4 32 17 8 28 21 15 1 3 13 12 24 25 11 14 22 27 9 16 20 29 7 2 23 26 10 6 19 30 
18 31 5 4 32 17 8 28 21 15 1 3 13 12 24 25 11 14 22 27 9 16 20 29 7 2 23 26 10 6 30 19 
18 31 5 4 32 17 8 28 21 15 1 3 22 27 9 16 20 29 7 2 14 11 25 24 12 13 23 26 10 6 19 30 
18 31 5 4 32 17 8 28 21 15 1 3 22 27 9 16 20 29 7 2 14 11 25 24 12 13 23 26 10 6 30 19 
18 31 5 4 32 17 19 30 6 3 1 8 28 21 15 10 26 23 2 7 29 20 16 9 27 22 14 11 25 24 12 13 
18 31 5 4 32 17 19 30 6 3 1 8 28 21 15 10 26 23 13 12 24 25 11 14 2 7 29 20 16 9 27 22 
18 31 5 4 32 17 19 30 6 3 1 8 28 21 15 10 26 23 13 12 24 25 11 14 22 27 9 16 20 29 7 2 
18 31 5 4 32 17 19 30 6 3 13 12 24 1 8 28 21 15 10 26 23 2 7 29 20 16 9 27 22 14 11 25 
18 31 5 4 32 17 19 30 6 3 13 12 24 25 11 14 22 27 9 16 20 29 7 2 23 26 10 15 1 8 28 21 
18 31 5 4 32 17 19 30 6 3 13 12 24 25 11 14 22 27 9 16 20 29 7 2 23 26 10 15 21 28 8 1 
18 31 5 4 32 17 19 30 6 3 22 27 9 16 20 29 7 2 14 11 25 24 1 8 28 21 15 10 26 23 13 12 
18 31 5 4 32 17 19 30 6 3 22 27 9 16 20 29 7 2 14 11 25 24 12 13 23 26 10 15 1 8 28 21 
18 31 5 4 32 17 19 30 6 3 22 27 9 16 20 29 7 2 14 11 25 24 12 13 23 26 10 15 21 28 8 1 
18 31 5 4 32 17 19 30 6 10 15 21 28 8 1 3 13 12 24 25 11 14 22 27 9 16 20 29 7 2 23 26 
18 31 5 4 32 17 19 30 6 10 15 21 28 8 1 3 22 27 9 16 20 29 7 2 14 11 25 24 12 13 23 26 
18 31 5 4 32 17 19 30 6 10 26 23 2 7 29 20 16 9 27 22 14 11 25 24 12 13 3 1 8 28 21 15 
18 31 5 4 32 17 19 30 6 10 26 23 2 7 29 20 16 9 27 22 14 11 25 24 12 13 3 1 15 21 28 8 
18 31 5 4 32 17 19 30 6 10 26 23 13 12 24 25 11 14 2 7 29 20 16 9 27 22 3 1 8 28 21 15 
18 31 5 4 32 17 19 30 6 10 26 23 13 12 24 25 11 14 2 7 29 20 16 9 27 22 3 1 15 21 28 8 
18 31 5 11 14 2 7 29 20 16 9 27 22 3 6 30 19 17 32 4 12 13 23 26 10 15 21 28 8 1 24 25 
18 31 5 11 14 2 7 29 20 16 9 27 22 3 6 30 19 17 32 4 21 28 8 1 15 10 26 23 13 12 24 25 
18 31 5 11 14 22 27 9 16 20 29 7 2 23 26 10 15 1 8 28 21 4 32 17 19 30 6 3 13 12 24 25 
18 31 5 11 25 24 1 8 28 21 15 10 26 23 13 12 4 32 17 19 30 6 3 22 14 2 7 29 20 16 9 27 
18 31 5 11 25 24 1 8 28 21 15 10 26 23 13 12 4 32 17 19 30 6 3 22 27 9 16 20 29 7 2 14 
18 31 5 11 25 24 12 13 3 6 30 19 17 32 4 21 28 8 1 15 10 26 23 2 7 29 20 16 9 27 22 14 
18 31 5 11 25 24 12 13 3 6 30 19 17 32 4 21 28 8 1 15 10 26 23 2 14 22 27 9 7 29 20 16 
18 31 5 11 25 24 12 13 3 6 30 19 17 32 4 21 28 8 1 15 10 26 23 2 14 22 27 9 16 20 29 7 
18 31 5 11 25 24 12 13 23 26 10 15 1 8 28 21 4 32 17 19 30 6 3 22 14 2 7 29 20 16 9 27 
18 31 5 11 25 24 12 13 23 26 10 15 1 8 28 21 4 32 17 19 30 6 3 22 27 9 16 20 29 7 2 14 
18 31 5 20 16 9 27 22 3 6 30 19 17 32 4 12 13 23 26 10 15 21 28 8 1 24 25 11 14 2 7 29 
18 31 5 20 16 9 27 22 3 6 30 19 17 32 4 21 28 8 1 15 10 26 23 13 12 24 25 11 14 2 7 29 
18 31 5 20 16 9 27 22 14 11 25 24 12 13 3 6 30 19 17 32 4 21 28 8 1 15 10 26 23 2 7 29 
18 31 5 20 29 7 2 14 11 25 24 1 8 28 21 15 10 26 23 13 12 4 32 17 19 30 6 3 22 27 9 16 
18 31 5 20 29 7 2 14 11 25 24 12 13 23 26 10 15 1 8 28 21 4 32 17 19 30 6 3 22 27 9 16 
18 31 5 20 29 7 2 23 26 10 15 1 8 28 21 4 32 17 19 30 6 3 13 12 24 25 11 14 22 27 9 16 
19 17 32 4 21 28 8 1 15 10 26 23 2 14 22 27 9 16 20 29 7 18 31 5 11 25 24 12 13 3 6 30 
19 30 6 3 1 24 25 11 5 31 18 7 29 20 16 9 27 22 14 2 23 13 12 4 32 17 8 28 21 15 10 26 
19 30 6 3 1 24 25 11 5 31 18 7 29 20 16 9 27 22 14 2 23 26 10 15 21 28 8 17 32 4 12 13 
19 30 6 3 13 12 4 32 17 8 1 24 25 11 5 31 18 7 29 20 16 9 27 22 14 2 23 26 10 15 21 28 
19 30 6 3 13 12 4 32 17 8 28 21 15 1 24 25 11 5 31 18 7 29 20 16 9 27 22 14 2 23 26 10 
19 30 6 3 13 12 4 32 17 8 28 21 15 10 26 23 2 14 22 27 9 16 20 29 7 18 31 5 11 25 24 1 
19 30 6 3 13 12 24 25 11 5 31 18 7 29 20 16 9 27 22 14 2 23 26 10 15 1 8 17 32 4 21 28 
19 30 6 3 13 12 24 25 11 5 31 18 7 29 20 16 9 27 22 14 2 23 26 10 15 1 8 28 21 4 32 17 
19 30 6 10 15 21 28 8 17 32 4 12 13 3 1 24 25 11 5 31 18 7 29 20 16 9 27 22 14 2 23 26 
19 30 6 10 26 23 2 7 18 31 5 4 32 17 8 28 21 15 1 3 13 12 24 25 11 14 22 27 9 16 20 29 
19 30 6 10 26 23 2 7 29 20 16 9 27 22 14 11 25 24 12 13 3 1 15 21 28 8 17 32 4 5 31 18 
19 30 6 10 26 23 2 14 11 5 31 18 7 29 20 16 9 27 22 3 13 12 4 32 17 8 28 21 15 1 24 25 
19 30 6 10 26 23 2 14 11 25 24 1 15 21 28 8 17 32 4 5 31 18 7 29 20 16 9 27 22 3 13 12 
19 30 6 10 26 23 2 14 11 25 24 1 15 21 28 8 17 32 4 12 13 3 22 27 9 16 20 5 31 18 7 29 
19 30 6 10 26 23 2 14 11 25 24 1 15 21 28 8 17 32 4 12 13 3 22 27 9 16 20 29 7 18 31 5 
19 30 6 10 26 23 2 14 11 25 24 12 13 3 1 15 21 28 8 17 32 4 5 31 18 7 29 20 16 9 27 22 
19 30 6 10 26 23 2 14 11 25 24 12 13 3 22 27 9 16 20 29 7 18 31 5 4 32 17 8 1 15 21 28 
19 30 6 10 26 23 2 14 11 25 24 12 13 3 22 27 9 16 20 29 7 18 31 5 4 32 17 8 28 21 15 1 
19 30 6 10 26 23 2 14 22 3 13 12 4 32 17 8 28 21 15 1 24 25 11 5 31 18 7 29 20 16 9 27 
19 30 6 10 26 23 2 14 22 27 9 16 20 29 7 18 31 5 4 32 17 8 28 21 15 1 3 13 12 24 25 11 
19 30 6 10 26 23 2 14 22 27 9 16 20 29 7 18 31 5 11 25 24 1 3 13 12 4 32 17 8 28 21 15 
19 30 6 10 26 23 2 14 22 27 9 16 20 29 7 18 31 5 11 25 24 1 15 21 28 8 17 32 4 12 13 3 
19 30 6 10 26 23 2 14 22 27 9 16 20 29 7 18 31 5 11 25 24 12 4 32 17 8 28 21 15 1 3 13 
19 30 6 10 26 23 2 14 22 27 9 16 20 29 7 18 31 5 11 25 24 12 13 3 1 15 21 4 32 17 8 28 
19 30 6 10 26 23 2 14 22 27 9 16 20 29 7 18 31 5 11 25 24 12 13 3 1 15 21 28 8 17 32 4 
19 30 6 10 26 23 13 3 1 15 21 28 8 17 32 4 12 24 25 11 5 31 18 7 2 14 22 27 9 16 20 29 
19 30 6 10 26 23 13 3 1 15 21 28 8 17 32 4 12 24 25 11 5 31 18 7 29 20 16 9 27 22 14 2 
19 30 6 10 26 23 13 12 24 25 11 14 2 7 18 31 5 4 32 17 8 28 21 15 1 3 22 27 9 16 20 29 
19 30 6 10 26 23 13 12 24 25 11 14 2 7 29 20 16 9 27 22 3 1 15 21 28 8 17 32 4 5 31 18 
20 16 9 27 22 14 2 23 26 10 15 1 8 28 21 4 32 17 19 30 6 3 13 12 24 25 11 5 31 18 7 29 
20 29 7 18 31 5 11 25 24 12 13 3 6 30 19 17 32 4 21 28 8 1 15 10 26 23 2 14 22 27 9 16 
21 4 32 17 19 30 6 3 13 12 24 25 11 5 31 18 7 29 20 16 9 27 22 14 2 23 26 10 15 1 8 28 
21 28 8 1 15 10 6 30 19 17 32 4 5 31 18 7 29 20 16 9 27 22 3 13 12 24 25 11 14 2 23 26 
21 28 8 1 15 10 26 23 2 7 18 31 5 4 32 17 19 30 6 3 13 12 24 25 11 14 22 27 9 16 20 29 
21 28 8 1 15 10 26 23 2 7 29 20 16 9 27 22 14 11 25 24 12 13 3 6 30 19 17 32 4 5 31 18 
21 28 8 1 15 10 26 23 2 14 11 25 24 12 13 3 6 30 19 17 32 4 5 31 18 7 29 20 16 9 27 22 
21 28 8 1 15 10 26 23 2 14 11 25 24 12 13 3 22 27 9 16 20 29 7 18 31 5 4 32 17 19 6 30 
21 28 8 1 15 10 26 23 2 14 11 25 24 12 13 3 22 27 9 16 20 29 7 18 31 5 4 32 17 19 30 6 
21 28 8 1 15 10 26 23 2 14 22 27 9 16 20 29 7 18 31 5 4 32 17 19 30 6 3 13 12 24 25 11 
21 28 8 1 15 10 26 23 2 14 22 27 9 16 20 29 7 18 31 5 11 25 24 12 4 32 17 19 30 6 3 13 
21 28 8 1 15 10 26 23 2 14 22 27 9 16 20 29 7 18 31 5 11 25 24 12 13 3 6 30 19 17 32 4 
21 28 8 1 15 10 26 23 13 3 6 30 19 17 32 4 12 24 25 11 5 31 18 7 2 14 22 27 9 16 20 29 
21 28 8 1 15 10 26 23 13 3 6 30 19 17 32 4 12 24 25 11 5 31 18 7 29 20 16 9 27 22 14 2 
21 28 8 1 15 10 26 23 13 12 24 25 11 14 2 7 18 31 5 4 32 17 19 30 6 3 22 27 9 16 20 29 
21 28 8 1 15 10 26 23 13 12 24 25 11 14 2 7 29 20 16 9 27 22 3 6 30 19 17 32 4 5 31 18 
22 14 2 23 26 10 15 1 8 28 21 4 32 17 19 30 6 3 13 12 24 25 11 5 31 18 7 29 20 16 9 27 
22 27 9 16 20 29 7 2 14 11 25 24 12 13 23 26 10 15 21 28 8 1 3 6 30 19 17 32 4 5 31 18 
22 27 9 16 20 29 7 18 31 5 4 21 28 8 1 15 10 26 23 2 14 11 25 24 12 13 3 6 30 19 17 32 
22 27 9 16 20 29 7 18 31 5 4 32 17 8 28 21 15 1 3 13 12 24 25 11 14 2 23 26 10 6 19 30 
22 27 9 16 20 29 7 18 31 5 4 32 17 8 28 21 15 1 3 13 12 24 25 11 14 2 23 26 10 6 30 19 
22 27 9 16 20 29 7 18 31 5 4 32 17 19 30 6 3 1 8 28 21 15 10 26 23 2 14 11 25 24 12 13 
22 27 9 16 20 29 7 18 31 5 4 32 17 19 30 6 3 1 8 28 21 15 10 26 23 13 12 24 25 11 14 2 
22 27 9 16 20 29 7 18 31 5 4 32 17 19 30 6 3 13 12 24 1 8 28 21 15 10 26 23 2 14 11 25 
22 27 9 16 20 29 7 18 31 5 4 32 17 19 30 6 3 13 12 24 25 11 14 2 23 26 10 15 1 8 28 21 
22 27 9 16 20 29 7 18 31 5 4 32 17 19 30 6 3 13 12 24 25 11 14 2 23 26 10 15 21 28 8 1 
22 27 9 16 20 29 7 18 31 5 4 32 17 19 30 6 10 15 21 28 8 1 3 13 12 24 25 11 14 2 23 26 
22 27 9 16 20 29 7 18 31 5 4 32 17 19 30 6 10 26 23 2 14 11 25 24 12 13 3 1 8 28 21 15 
22 27 9 16 20 29 7 18 31 5 4 32 17 19 30 6 10 26 23 2 14 11 25 24 12 13 3 1 15 21 28 8 
22 27 9 16 20 29 7 18 31 5 11 14 2 23 26 10 15 1 8 28 21 4 32 17 19 30 6 3 13 12 24 25 
22 27 9 16 20 29 7 18 31 5 11 25 24 12 13 3 6 30 19 17 32 4 21 28 8 1 15 10 26 23 2 14 
23 2 14 22 27 9 16 20 29 7 18 31 5 11 25 24 12 13 3 6 30 19 17 32 4 21 28 8 1 15 10 26 
23 26 10 15 1 8 28 21 4 32 17 19 30 6 3 13 12 24 25 11 5 31 18 7 2 14 22 27 9 16 20 29 
23 26 10 15 1 8 28 21 4 32 17 19 30 6 3 13 12 24 25 11 5 31 18 7 29 20 16 9 27 22 14 2 
24 12 13 3 6 30 19 17 32 4 21 28 8 1 15 10 26 23 2 14 22 27 9 16 20 29 7 18 31 5 11 25 
24 25 11 5 31 18 7 29 20 16 9 27 22 14 2 23 13 12 4 32 17 19 30 6 3 1 8 28 21 15 10 26 
24 25 11 5 31 18 7 29 20 16 9 27 22 14 2 23 26 10 6 30 19 17 8 28 21 15 1 3 13 12 4 32 
24 25 11 5 31 18 7 29 20 16 9 27 22 14 2 23 26 10 6 30 19 17 32 4 12 13 3 1 8 28 21 15 
24 25 11 5 31 18 7 29 20 16 9 27 22 14 2 23 26 10 6 30 19 17 32 4 12 13 3 1 15 21 28 8 
24 25 11 5 31 18 7 29 20 16 9 27 22 14 2 23 26 10 15 1 8 28 21 4 12 13 3 6 30 19 17 32 
24 25 11 5 31 18 7 29 20 16 9 27 22 14 2 23 26 10 15 1 8 28 21 4 32 17 19 30 6 3 13 12 
24 25 11 5 31 18 7 29 20 16 9 27 22 14 2 23 26 10 15 21 28 8 1 3 6 30 19 17 32 4 12 13 
24 25 11 5 31 18 7 29 20 16 9 27 22 14 2 23 26 10 15 21 28 8 1 3 13 12 4 32 17 19 6 30 
24 25 11 5 31 18 7 29 20 16 9 27 22 14 2 23 26 10 15 21 28 8 1 3 13 12 4 32 17 19 30 6 
25 11 5 4 32 17 19 30 6 3 13 12 24 1 8 28 21 15 10 26 23 2 14 22 27 9 16 20 29 7 18 31 
25 11 5 31 18 7 29 20 16 9 27 22 14 2 23 13 3 6 30 19 17 32 4 12 24 1 8 28 21 15 10 26 
25 11 5 31 18 7 29 20 16 9 27 22 14 2 23 26 10 15 1 8 28 21 4 32 17 19 30 6 3 13 12 24 
25 11 5 31 18 7 29 20 16 9 27 22 14 2 23 26 10 15 1 24 12 13 3 6 30 19 17 8 28 21 4 32 
25 11 5 31 18 7 29 20 16 9 27 22 14 2 23 26 10 15 1 24 12 13 3 6 30 19 17 32 4 21 28 8 
25 11 5 31 18 7 29 20 16 9 27 22 14 2 23 26 10 15 21 4 32 17 19 30 6 3 13 12 24 1 8 28 
25 11 5 31 18 7 29 20 16 9 27 22 14 2 23 26 10 15 21 28 8 1 24 12 4 32 17 19 30 6 3 13 
25 11 5 31 18 7 29 20 16 9 27 22 14 2 23 26 10 15 21 28 8 1 24 12 13 3 6 30 19 17 32 4 
25 11 14 2 23 26 10 6 30 19 17 8 28 21 15 1 24 12 13 3 22 27 9 16 20 29 7 18 31 5 4 32 
25 11 14 2 23 26 10 6 30 19 17 32 4 5 31 18 7 29 20 16 9 27 22 3 13 12 24 1 8 28 21 15 
25 11 14 2 23 26 10 6 30 19 17 32 4 5 31 18 7 29 20 16 9 27 22 3 13 12 24 1 15 21 28 8 
25 11 14 2 23 26 10 15 21 28 8 1 24 12 13 3 6 30 19 17 32 4 5 31 18 7 29 20 16 9 27 22 
25 11 14 2 23 26 10 15 21 28 8 1 24 12 13 3 22 27 9 16 20 29 7 18 31 5 4 32 17 19 6 30 
25 11 14 2 23 26 10 15 21 28 8 1 24 12 13 3 22 27 9 16 20 29 7 18 31 5 4 32 17 19 30 6 
25 11 14 22 27 9 16 20 29 7 2 23 26 10 15 21 28 8 1 24 12 13 3 6 30 19 17 32 4 5 31 18 
25 11 14 22 27 9 16 20 29 7 18 31 5 4 32 17 19 30 6 3 13 12 24 1 8 28 21 15 10 26 23 2 
25 24 1 8 28 21 15 10 6 30 19 17 32 4 12 13 3 22 27 9 16 20 29 7 18 31 5 11 14 2 23 26 
25 24 1 8 28 21 15 10 26 23 2 14 11 5 31 18 7 29 20 16 9 27 22 3 6 30 19 17 32 4 12 13 
25 24 1 8 28 21 15 10 26 23 2 14 11 5 31 18 7 29 20 16 9 27 22 3 13 12 4 32 17 19 6 30 
25 24 1 8 28 21 15 10 26 23 2 14 11 5 31 18 7 29 20 16 9 27 22 3 13 12 4 32 17 19 30 6 
25 24 1 8 28 21 15 10 26 23 13 12 4 32 17 19 30 6 3 22 27 9 16 20 29 7 2 14 11 5 31 18 
25 24 1 8 28 21 15 10 26 23 13 12 4 32 17 19 30 6 3 22 27 9 16 20 29 7 18 31 5 11 14 2 
25 24 1 15 21 28 8 17 19 30 6 10 26 23 2 14 11 5 31 18 7 29 20 16 9 27 22 3 13 12 4 32 
25 24 1 15 21 28 8 17 32 4 12 13 3 22 27 9 16 20 29 7 18 31 5 11 14 2 23 26 10 6 19 30 
25 24 1 15 21 28 8 17 32 4 12 13 3 22 27 9 16 20 29 7 18 31 5 11 14 2 23 26 10 6 30 19 
25 24 12 13 3 6 30 19 17 32 4 21 28 8 1 15 10 26 23 2 7 18 31 5 11 14 22 27 9 16 20 29 
25 24 12 13 3 6 30 19 17 32 4 21 28 8 1 15 10 26 23 2 7 29 20 16 9 27 22 14 11 5 31 18 
25 24 12 13 3 6 30 19 17 32 4 21 28 8 1 15 10 26 23 2 14 11 5 31 18 7 29 20 16 9 27 22 
25 24 12 13 3 6 30 19 17 32 4 21 28 8 1 15 10 26 23 2 14 22 27 9 16 20 29 7 18 31 5 11 
25 24 12 13 3 22 27 9 16 20 29 7 18 31 5 11 14 2 23 26 10 6 30 19 17 32 4 21 15 1 8 28 
25 24 12 13 3 22 27 9 16 20 29 7 18 31 5 11 14 2 23 26 10 6 30 19 17 32 4 21 28 8 1 15 
25 24 12 13 3 22 27 9 16 20 29 7 18 31 5 11 14 2 23 26 10 15 1 8 28 21 4 32 17 19 6 30 
25 24 12 13 3 22 27 9 16 20 29 7 18 31 5 11 14 2 23 26 10 15 1 8 28 21 4 32 17 19 30 6 
25 24 12 13 23 2 14 11 5 31 18 7 29 20 16 9 27 22 3 6 30 19 17 32 4 21 28 8 1 15 10 26 
25 24 12 13 23 26 10 15 1 8 28 21 4 32 17 19 30 6 3 22 27 9 16 20 29 7 2 14 11 5 31 18 
25 24 12 13 23 26 10 15 1 8 28 21 4 32 17 19 30 6 3 22 27 9 16 20 29 7 18 31 5 11 14 2 
26 10 6 30 19 17 8 28 21 15 1 3 13 23 2 14 22 27 9 16 20 29 7 18 31 5 11 25 24 12 4 32 
26 10 6 30 19 17 32 4 12 24 25 11 5 31 18 7 29 20 16 9 27 22 14 2 23 13 3 1 8 28 21 15 
26 10 6 30 19 17 32 4 12 24 25 11 5 31 18 7 29 20 16 9 27 22 14 2 23 13 3 1 15 21 28 8 
26 10 15 1 8 28 21 4 12 24 25 11 5 31 18 7 29 20 16 9 27 22 14 2 23 13 3 6 30 19 17 32 
26 10 15 1 8 28 21 4 32 17 19 30 6 3 13 12 24 25 11 5 31 18 7 29 20 16 9 27 22 14 2 23 
26 10 15 1 8 28 21 4 32 17 19 30 6 3 13 23 2 14 22 27 9 16 20 29 7 18 31 5 11 25 24 12 
26 10 15 1 8 28 21 4 32 17 19 30 6 3 22 14 2 23 13 12 24 25 11 5 31 18 7 29 20 16 9 27 
26 10 15 1 8 28 21 4 32 17 19 30 6 3 22 27 9 16 20 29 7 18 31 5 11 14 2 23 13 12 24 25 
26 10 15 1 8 28 21 4 32 17 19 30 6 3 22 27 9 16 20 29 7 18 31 5 11 25 24 12 13 23 2 14 
26 10 15 21 28 8 1 3 6 30 19 17 32 4 5 11 25 24 12 13 23 2 14 22 27 9 16 20 29 7 18 31 
26 10 15 21 28 8 1 3 6 30 19 17 32 4 5 31 18 7 2 23 13 12 24 25 11 14 22 27 9 16 20 29 
26 10 15 21 28 8 1 3 6 30 19 17 32 4 5 31 18 7 29 20 16 9 27 22 14 2 23 13 12 24 25 11 
26 10 15 21 28 8 1 3 6 30 19 17 32 4 5 31 18 7 29 20 16 9 27 22 14 11 25 24 12 13 23 2 
26 10 15 21 28 8 1 3 6 30 19 17 32 4 12 13 23 2 14 22 27 9 16 20 29 7 18 31 5 11 25 24 
26 10 15 21 28 8 1 3 6 30 19 17 32 4 12 24 25 11 5 31 18 7 29 20 16 9 27 22 14 2 23 13 
26 10 15 21 28 8 1 3 13 23 2 14 22 27 9 16 20 29 7 18 31 5 11 25 24 12 4 32 17 19 6 30 
26 10 15 21 28 8 1 3 13 23 2 14 22 27 9 16 20 29 7 18 31 5 11 25 24 12 4 32 17 19 30 6 
26 10 15 21 28 8 1 24 12 4 32 17 19 30 6 3 13 23 2 14 22 27 9 16 20 29 7 18 31 5 11 25 
26 10 15 21 28 8 1 24 25 11 5 31 18 7 29 20 16 9 27 22 3 6 30 19 17 32 4 12 13 23 2 14 
26 10 15 21 28 8 1 24 25 11 5 31 18 7 29 20 16 9 27 22 14 2 23 13 3 6 30 19 17 32 4 12 
26 10 15 21 28 8 1 24 25 11 5 31 18 7 29 20 16 9 27 22 14 2 23 13 12 4 32 17 19 30 6 3 
26 10 15 21 28 8 1 24 25 11 14 2 23 13 12 4 5 31 18 7 29 20 16 9 27 22 3 6 30 19 17 32 
26 10 15 21 28 8 1 24 25 11 14 2 23 13 12 4 32 17 19 30 6 3 22 27 9 16 20 5 31 18 7 29 
26 10 15 21 28 8 1 24 25 11 14 2 23 13 12 4 32 17 19 30 6 3 22 27 9 16 20 29 7 18 31 5 
26 10 15 21 28 8 17 19 30 6 3 1 24 25 11 5 31 18 7 29 20 16 9 27 22 14 2 23 13 12 4 32 
26 10 15 21 28 8 17 32 4 12 13 23 2 14 22 27 9 16 20 29 7 18 31 5 11 25 24 1 3 6 19 30 
26 10 15 21 28 8 17 32 4 12 13 23 2 14 22 27 9 16 20 29 7 18 31 5 11 25 24 1 3 6 30 19 
26 23 2 7 18 31 5 4 32 17 19 30 6 10 15 21 28 8 1 3 13 12 24 25 11 14 22 27 9 16 20 29 
26 23 2 7 29 20 16 9 27 22 14 11 25 24 12 13 3 1 8 28 21 15 10 6 30 19 17 32 4 5 31 18 
26 23 2 14 11 5 31 18 7 29 20 16 9 27 22 3 13 12 4 32 17 19 30 6 10 15 21 28 8 1 24 25 
26 23 2 14 11 25 24 1 8 28 21 15 10 6 30 19 17 32 4 5 31 18 7 29 20 16 9 27 22 3 13 12 
26 23 2 14 11 25 24 1 8 28 21 15 10 6 30 19 17 32 4 12 13 3 22 27 9 16 20 5 31 18 7 29 
26 23 2 14 11 25 24 1 8 28 21 15 10 6 30 19 17 32 4 12 13 3 22 27 9 16 20 29 7 18 31 5 
26 23 2 14 11 25 24 12 13 3 1 8 28 21 15 10 6 30 19 17 32 4 5 31 18 7 29 20 16 9 27 22 
26 23 2 14 11 25 24 12 13 3 22 27 9 16 20 29 7 18 31 5 4 21 28 8 1 15 10 6 30 19 17 32 
26 23 2 14 11 25 24 12 13 3 22 27 9 16 20 29 7 18 31 5 4 32 17 19 30 6 10 15 1 8 28 21 
26 23 2 14 11 25 24 12 13 3 22 27 9 16 20 29 7 18 31 5 4 32 17 19 30 6 10 15 21 28 8 1 
26 23 2 14 22 3 13 12 4 32 17 19 30 6 10 15 21 28 8 1 24 25 11 5 31 18 7 29 20 16 9 27 
26 23 2 14 22 27 9 16 20 29 7 18 31 5 4 32 17 19 30 6 10 15 21 28 8 1 3 13 12 24 25 11 
26 23 2 14 22 27 9 16 20 29 7 18 31 5 11 25 24 1 3 13 12 4 32 17 8 28 21 15 10 6 19 30 
26 23 2 14 22 27 9 16 20 29 7 18 31 5 11 25 24 1 3 13 12 4 32 17 8 28 21 15 10 6 30 19 
26 23 2 14 22 27 9 16 20 29 7 18 31 5 11 25 24 1 3 13 12 4 32 17 19 30 6 10 15 21 28 8 
26 23 2 14 22 27 9 16 20 29 7 18 31 5 11 25 24 1 8 28 21 15 10 6 3 13 12 4 32 17 19 30 
26 23 2 14 22 27 9 16 20 29 7 18 31 5 11 25 24 1 8 28 21 15 10 6 30 19 17 32 4 12 13 3 
26 23 2 14 22 27 9 16 20 29 7 18 31 5 11 25 24 12 4 32 17 19 30 6 10 15 21 28 8 1 3 13 
26 23 2 14 22 27 9 16 20 29 7 18 31 5 11 25 24 12 13 3 1 8 28 21 4 32 17 19 30 6 10 15 
26 23 2 14 22 27 9 16 20 29 7 18 31 5 11 25 24 12 13 3 1 8 28 21 15 10 6 30 19 17 32 4 
26 23 2 14 22 27 9 16 20 29 7 18 31 5 11 25 24 12 13 3 1 15 10 6 30 19 17 8 28 21 4 32 
26 23 2 14 22 27 9 16 20 29 7 18 31 5 11 25 24 12 13 3 1 15 10 6 30 19 17 32 4 21 28 8 
26 23 2 14 22 27 9 16 20 29 7 18 31 5 11 25 24 12 13 3 6 10 15 1 8 28 21 4 32 17 19 30 
26 23 2 14 22 27 9 16 20 29 7 18 31 5 11 25 24 12 13 3 6 30 19 17 32 4 21 28 8 1 15 10 
26 23 13 3 1 8 28 21 15 10 6 30 19 17 32 4 12 24 25 11 5 31 18 7 2 14 22 27 9 16 20 29 
26 23 13 3 1 8 28 21 15 10 6 30 19 17 32 4 12 24 25 11 5 31 18 7 29 20 16 9 27 22 14 2 
26 23 13 12 24 25 11 14 2 7 18 31 5 4 32 17 19 30 6 10 15 21 28 8 1 3 22 27 9 16 20 29 
26 23 13 12 24 25 11 14 2 7 29 20 16 9 27 22 3 1 8 28 21 15 10 6 30 19 17 32 4 5 31 18 
27 9 16 20 29 7 2 14 22 3 6 30 19 17 32 4 12 13 23 26 10 15 21 28 8 1 24 25 11 5 31 18 
27 9 16 20 29 7 2 14 22 3 6 30 19 17 32 4 21 28 8 1 15 10 26 23 13 12 24 25 11 5 31 18 
27 9 16 20 29 7 18 31 5 11 25 24 1 8 28 21 15 10 6 30 19 17 32 4 12 13 3 22 14 2 23 26 
27 9 16 20 29 7 18 31 5 11 25 24 1 8 28 21 15 10 26 23 2 14 22 3 6 30 19 17 32 4 12 13 
27 9 16 20 29 7 18 31 5 11 25 24 1 8 28 21 15 10 26 23 2 14 22 3 13 12 4 32 17 19 6 30 
27 9 16 20 29 7 18 31 5 11 25 24 1 8 28 21 15 10 26 23 2 14 22 3 13 12 4 32 17 19 30 6 
27 9 16 20 29 7 18 31 5 11 25 24 1 8 28 21 15 10 26 23 13 12 4 32 17 19 30 6 3 22 14 2 
27 9 16 20 29 7 18 31 5 11 25 24 1 15 21 28 8 17 19 30 6 10 26 23 2 14 22 3 13 12 4 32 
27 9 16 20 29 7 18 31 5 11 25 24 1 15 21 28 8 17 32 4 12 13 3 22 14 2 23 26 10 6 19 30 
27 9 16 20 29 7 18 31 5 11 25 24 1 15 21 28 8 17 32 4 12 13 3 22 14 2 23 26 10 6 30 19 
27 9 16 20 29 7 18 31 5 11 25 24 12 13 3 6 30 19 17 32 4 21 28 8 1 15 10 26 23 2 14 22 
27 9 16 20 29 7 18 31 5 11 25 24 12 13 3 22 14 2 23 26 10 6 30 19 17 32 4 21 15 1 8 28 
27 9 16 20 29 7 18 31 5 11 25 24 12 13 3 22 14 2 23 26 10 6 30 19 17 32 4 21 28 8 1 15 
27 9 16 20 29 7 18 31 5 11 25 24 12 13 3 22 14 2 23 26 10 15 1 8 28 21 4 32 17 19 6 30 
27 9 16 20 29 7 18 31 5 11 25 24 12 13 3 22 14 2 23 26 10 15 1 8 28 21 4 32 17 19 30 6 
27 9 16 20 29 7 18 31 5 11 25 24 12 13 23 2 14 22 3 6 30 19 17 32 4 21 28 8 1 15 10 26 
27 9 16 20 29 7 18 31 5 11 25 24 12 13 23 26 10 15 1 8 28 21 4 32 17 19 30 6 3 22 14 2 
27 22 14 2 23 26 10 15 1 8 28 21 4 32 17 19 30 6 3 13 12 24 25 11 5 31 18 7 9 16 20 29 
27 22 14 2 23 26 10 15 1 8 28 21 4 32 17 19 30 6 3 13 12 24 25 11 5 31 18 7 29 20 16 9 
28 8 1 3 6 30 19 17 32 4 21 15 10 26 23 2 14 22 27 9 16 20 29 7 18 31 5 11 25 24 12 13 
28 8 1 3 6 30 19 17 32 4 21 15 10 26 23 13 12 24 25 11 5 31 18 7 2 14 22 27 9 16 20 29 
28 8 1 3 6 30 19 17 32 4 21 15 10 26 23 13 12 24 25 11 5 31 18 7 29 20 16 9 27 22 14 2 
28 8 1 3 13 12 24 25 11 5 31 18 7 29 20 16 9 27 22 14 2 23 26 10 6 30 19 17 32 4 21 15 
28 8 1 3 13 12 24 25 11 5 31 18 7 29 20 16 9 27 22 14 2 23 26 10 15 21 4 32 17 19 6 30 
28 8 1 3 13 12 24 25 11 5 31 18 7 29 20 16 9 27 22 14 2 23 26 10 15 21 4 32 17 19 30 6 
28 8 1 15 10 26 23 2 14 22 27 9 16 20 29 7 18 31 5 11 25 24 12 13 3 6 30 19 17 32 4 21 
28 8 1 15 21 4 5 31 18 7 29 20 16 9 27 22 3 13 12 24 25 11 14 2 23 26 10 6 30 19 17 32 
28 8 1 15 21 4 32 17 19 30 6 3 13 12 24 25 11 5 31 18 7 29 20 16 9 27 22 14 2 23 26 10 
28 8 1 15 21 4 32 17 19 30 6 10 26 23 2 14 11 5 31 18 7 29 20 16 9 27 22 3 13 12 24 25 
28 8 1 15 21 4 32 17 19 30 6 10 26 23 2 14 11 25 24 12 13 3 22 27 9 16 20 5 31 18 7 29 
28 8 1 15 21 4 32 17 19 30 6 10 26 23 2 14 11 25 24 12 13 3 22 27 9 16 20 29 7 18 31 5 
28 8 1 15 21 4 32 17 19 30 6 10 26 23 2 14 22 3 13 12 24 25 11 5 31 18 7 29 20 16 9 27 
28 8 1 15 21 4 32 17 19 30 6 10 26 23 2 14 22 27 9 16 20 29 7 18 31 5 11 25 24 12 13 3 
28 8 1 24 12 13 3 6 30 19 17 32 4 21 15 10 26 23 2 14 22 27 9 16 20 29 7 18 31 5 11 25 
28 8 1 24 25 11 5 31 18 7 29 20 16 9 27 22 14 2 23 26 10 15 21 4 12 13 3 6 30 19 17 32 
28 8 1 24 25 11 5 31 18 7 29 20 16 9 27 22 14 2 23 26 10 15 21 4 32 17 19 30 6 3 13 12 
28 8 17 19 30 6 10 26 23 2 14 22 27 9 16 20 29 7 18 31 5 11 25 24 12 13 3 1 15 21 4 32 
28 8 17 32 4 21 15 1 3 13 12 24 25 11 5 31 18 7 29 20 16 9 27 22 14 2 23 26 10 6 19 30 
28 8 17 32 4 21 15 1 3 13 12 24 25 11 5 31 18 7 29 20 16 9 27 22 14 2 23 26 10 6 30 19 
28 21 4 32 17 8 1 15 10 26 23 2 14 22 27 9 16 20 29 7 18 31 5 11 25 24 12 13 3 6 19 30 
28 21 4 32 17 8 1 15 10 26 23 2 14 22 27 9 16 20 29 7 18 31 5 11 25 24 12 13 3 6 30 19 
28 21 4 32 17 19 30 6 3 13 12 24 25 11 5 31 18 7 29 20 16 9 27 22 14 2 23 26 10 15 1 8 
28 21 15 1 8 17 19 30 6 10 26 23 2 14 11 25 24 12 13 3 22 27 9 16 20 29 7 18 31 5 4 32 
28 21 15 1 8 17 32 4 5 31 18 7 29 20 16 9 27 22 3 13 12 24 25 11 14 2 23 26 10 6 19 30 
28 21 15 1 8 17 32 4 5 31 18 7 29 20 16 9 27 22 3 13 12 24 25 11 14 2 23 26 10 6 30 19 
28 21 15 10 26 23 2 14 22 27 9 16 20 29 7 18 31 5 11 25 24 1 8 17 19 30 6 3 13 12 4 32 
28 21 15 10 26 23 2 14 22 27 9 16 20 29 7 18 31 5 11 25 24 1 8 17 32 4 12 13 3 6 19 30 
28 21 15 10 26 23 2 14 22 27 9 16 20 29 7 18 31 5 11 25 24 1 8 17 32 4 12 13 3 6 30 19 
29 7 2 14 11 25 24 1 8 28 21 15 10 26 23 13 12 4 32 17 19 30 6 3 22 27 9 16 20 5 31 18 
29 7 2 14 11 25 24 12 13 23 26 10 15 1 8 28 21 4 32 17 19 30 6 3 22 27 9 16 20 5 31 18 
29 7 2 23 26 10 15 1 8 28 21 4 32 17 19 30 6 3 13 12 24 25 11 14 22 27 9 16 20 5 31 18 
29 7 18 31 5 11 25 24 12 13 3 6 30 19 17 32 4 21 28 8 1 15 10 26 23 2 14 22 27 9 16 20 
29 7 18 31 5 20 16 9 27 22 3 6 30 19 17 32 4 12 13 23 2 14 11 25 24 1 8 28 21 15 10 26 
29 7 18 31 5 20 16 9 27 22 3 6 30 19 17 32 4 12 13 23 26 10 15 21 28 8 1 24 25 11 14 2 
29 7 18 31 5 20 16 9 27 22 3 6 30 19 17 32 4 21 28 8 1 15 10 26 23 2 14 11 25 24 12 13 
29 7 18 31 5 20 16 9 27 22 3 6 30 19 17 32 4 21 28 8 1 15 10 26 23 13 12 24 25 11 14 2 
29 7 18 31 5 20 16 9 27 22 3 13 12 4 32 17 8 28 21 15 1 24 25 11 14 2 23 26 10 6 19 30 
29 7 18 31 5 20 16 9 27 22 3 13 12 4 32 17 8 28 21 15 1 24 25 11 14 2 23 26 10 6 30 19 
29 7 18 31 5 20 16 9 27 22 3 13 12 4 32 17 19 30 6 10 15 21 28 8 1 24 25 11 14 2 23 26 
29 7 18 31 5 20 16 9 27 22 3 13 12 4 32 17 19 30 6 10 26 23 2 14 11 25 24 1 8 28 21 15 
29 7 18 31 5 20 16 9 27 22 3 13 12 4 32 17 19 30 6 10 26 23 2 14 11 25 24 1 15 21 28 8 
29 7 18 31 5 20 16 9 27 22 3 13 12 24 25 11 14 2 23 26 10 6 30 19 17 32 4 21 15 1 8 28 
29 7 18 31 5 20 16 9 27 22 3 13 12 24 25 11 14 2 23 26 10 6 30 19 17 32 4 21 28 8 1 15 
29 7 18 31 5 20 16 9 27 22 3 13 12 24 25 11 14 2 23 26 10 15 1 8 28 21 4 32 17 19 6 30 
29 7 18 31 5 20 16 9 27 22 3 13 12 24 25 11 14 2 23 26 10 15 1 8 28 21 4 32 17 19 30 6 
29 7 18 31 5 20 16 9 27 22 14 2 23 26 10 15 1 8 28 21 4 32 17 19 30 6 3 13 12 24 25 11 
29 7 18 31 5 20 16 9 27 22 14 11 25 24 12 13 3 6 30 19 17 32 4 21 28 8 1 15 10 26 23 2 
29 20 5 31 18 7 2 14 11 25 24 1 8 28 21 15 10 26 23 13 12 4 32 17 19 30 6 3 22 27 9 16 
29 20 5 31 18 7 2 14 11 25 24 12 13 23 26 10 15 1 8 28 21 4 32 17 19 30 6 3 22 27 9 16 
29 20 5 31 18 7 2 23 26 10 15 1 8 28 21 4 32 17 19 30 6 3 13 12 24 25 11 14 22 27 9 16 
29 20 16 9 7 18 31 5 11 25 24 12 13 3 6 30 19 17 32 4 21 28 8 1 15 10 26 23 2 14 22 27 
29 20 16 9 27 22 3 1 8 28 21 15 10 6 30 19 17 32 4 5 31 18 7 2 14 11 25 24 12 13 23 26 
29 20 16 9 27 22 3 1 8 28 21 15 10 26 23 13 12 24 25 11 14 2 7 18 31 5 4 32 17 19 6 30 
29 20 16 9 27 22 3 1 8 28 21 15 10 26 23 13 12 24 25 11 14 2 7 18 31 5 4 32 17 19 30 6 
29 20 16 9 27 22 3 1 15 21 28 8 17 19 30 6 10 26 23 13 12 24 25 11 14 2 7 18 31 5 4 32 
29 20 16 9 27 22 3 1 15 21 28 8 17 32 4 5 31 18 7 2 14 11 25 24 12 13 23 26 10 6 19 30 
29 20 16 9 27 22 3 1 15 21 28 8 17 32 4 5 31 18 7 2 14 11 25 24 12 13 23 26 10 6 30 19 
29 20 16 9 27 22 3 6 30 19 17 32 4 5 31 18 7 2 14 11 25 24 1 8 28 21 15 10 26 23 13 12 
29 20 16 9 27 22 3 6 30 19 17 32 4 5 31 18 7 2 14 11 25 24 12 13 23 26 10 15 1 8 28 21 
29 20 16 9 27 22 3 6 30 19 17 32 4 5 31 18 7 2 14 11 25 24 12 13 23 26 10 15 21 28 8 1 
29 20 16 9 27 22 3 6 30 19 17 32 4 12 13 23 26 10 15 21 28 8 1 24 25 11 5 31 18 7 2 14 
29 20 16 9 27 22 3 6 30 19 17 32 4 12 13 23 26 10 15 21 28 8 1 24 25 11 14 2 7 18 31 5 
29 20 16 9 27 22 3 6 30 19 17 32 4 21 28 8 1 15 10 26 23 13 12 24 25 11 5 31 18 7 2 14 
29 20 16 9 27 22 3 6 30 19 17 32 4 21 28 8 1 15 10 26 23 13 12 24 25 11 14 2 7 18 31 5 
29 20 16 9 27 22 14 2 7 18 31 5 4 32 17 19 30 6 3 1 8 28 21 15 10 26 23 13 12 24 25 11 
29 20 16 9 27 22 14 2 7 18 31 5 11 25 24 1 3 6 30 19 17 8 28 21 15 10 26 23 13 12 4 32 
29 20 16 9 27 22 14 2 7 18 31 5 11 25 24 1 3 6 30 19 17 32 4 12 13 23 26 10 15 21 28 8 
29 20 16 9 27 22 14 2 7 18 31 5 11 25 24 1 8 28 21 15 10 26 23 13 3 6 30 19 17 32 4 12 
29 20 16 9 27 22 14 2 7 18 31 5 11 25 24 1 8 28 21 15 10 26 23 13 12 4 32 17 19 30 6 3 
29 20 16 9 27 22 14 2 7 18 31 5 11 25 24 12 4 21 28 8 1 15 10 26 23 13 3 6 30 19 17 32 
29 20 16 9 27 22 14 2 7 18 31 5 11 25 24 12 4 32 17 8 28 21 15 1 3 13 23 26 10 6 19 30 
29 20 16 9 27 22 14 2 7 18 31 5 11 25 24 12 4 32 17 8 28 21 15 1 3 13 23 26 10 6 30 19 
29 20 16 9 27 22 14 2 7 18 31 5 11 25 24 12 4 32 17 19 30 6 3 1 8 28 21 15 10 26 23 13 
29 20 16 9 27 22 14 2 7 18 31 5 11 25 24 12 4 32 17 19 30 6 3 13 23 26 10 15 1 8 28 21 
29 20 16 9 27 22 14 2 7 18 31 5 11 25 24 12 4 32 17 19 30 6 3 13 23 26 10 15 21 28 8 1 
29 20 16 9 27 22 14 2 7 18 31 5 11 25 24 12 4 32 17 19 30 6 10 15 21 28 8 1 3 13 23 26 
29 20 16 9 27 22 14 2 7 18 31 5 11 25 24 12 4 32 17 19 30 6 10 26 23 13 3 1 8 28 21 15 
29 20 16 9 27 22 14 2 7 18 31 5 11 25 24 12 4 32 17 19 30 6 10 26 23 13 3 1 15 21 28 8 
29 20 16 9 27 22 14 2 7 18 31 5 11 25 24 12 13 3 6 30 19 17 32 4 21 28 8 1 15 10 26 23 
29 20 16 9 27 22 14 2 7 18 31 5 11 25 24 12 13 23 26 10 15 1 3 6 30 19 17 8 28 21 4 32 
29 20 16 9 27 22 14 2 7 18 31 5 11 25 24 12 13 23 26 10 15 1 3 6 30 19 17 32 4 21 28 8 
29 20 16 9 27 22 14 2 7 18 31 5 11 25 24 12 13 23 26 10 15 1 8 28 21 4 32 17 19 30 6 3 
29 20 16 9 27 22 14 2 7 18 31 5 11 25 24 12 13 23 26 10 15 21 4 32 17 19 30 6 3 1 8 28 
29 20 16 9 27 22 14 2 7 18 31 5 11 25 24 12 13 23 26 10 15 21 28 8 1 3 6 30 19 17 32 4 
29 20 16 9 27 22 14 2 23 26 10 15 1 8 28 21 4 32 17 19 30 6 3 13 12 24 25 11 5 31 18 7 
29 20 16 9 27 22 14 11 5 31 18 7 2 23 26 10 15 1 8 28 21 4 32 17 19 30 6 3 13 12 24 25 
29 20 16 9 27 22 14 11 25 24 1 8 28 21 15 10 26 23 2 7 18 31 5 4 12 13 3 6 30 19 17 32 
29 20 16 9 27 22 14 11 25 24 1 8 28 21 15 10 26 23 2 7 18 31 5 4 32 17 19 30 6 3 13 12 
29 20 16 9 27 22 14 11 25 24 12 13 3 1 8 28 21 15 10 6 30 19 17 32 4 5 31 18 7 2 23 26 
29 20 16 9 27 22 14 11 25 24 12 13 3 1 8 28 21 15 10 26 23 2 7 18 31 5 4 32 17 19 6 30 
29 20 16 9 27 22 14 11 25 24 12 13 3 1 8 28 21 15 10 26 23 2 7 18 31 5 4 32 17 19 30 6 
29 20 16 9 27 22 14 11 25 24 12 13 3 1 15 21 28 8 17 19 30 6 10 26 23 2 7 18 31 5 4 32 
29 20 16 9 27 22 14 11 25 24 12 13 3 1 15 21 28 8 17 32 4 5 31 18 7 2 23 26 10 6 19 30 
29 20 16 9 27 22 14 11 25 24 12 13 3 1 15 21 28 8 17 32 4 5 31 18 7 2 23 26 10 6 30 19 
29 20 16 9 27 22 14 11 25 24 12 13 3 6 30 19 17 32 4 5 31 18 7 2 23 26 10 15 1 8 28 21 
29 20 16 9 27 22 14 11 25 24 12 13 3 6 30 19 17 32 4 5 31 18 7 2 23 26 10 15 21 28 8 1 
29 20 16 9 27 22 14 11 25 24 12 13 3 6 30 19 17 32 4 21 28 8 1 15 10 26 23 2 7 18 31 5 
29 20 16 9 27 22 14 11 25 24 12 13 23 2 7 18 31 5 4 32 17 19 30 6 3 1 8 28 21 15 10 26 
29 20 16 9 27 22 14 11 25 24 12 13 23 26 10 15 21 28 8 1 3 6 30 19 17 32 4 5 31 18 7 2 
30 6 3 13 12 24 25 11 5 31 18 7 29 20 16 9 27 22 14 2 23 26 10 15 1 8 28 21 4 32 17 19 
30 6 19 17 8 28 21 15 10 26 23 2 14 22 27 9 16 20 29 7 18 31 5 11 25 24 1 3 13 12 4 32 
30 6 19 17 32 4 5 11 25 24 12 13 3 1 8 28 21 15 10 26 23 2 14 22 27 9 16 20 29 7 18 31 
30 6 19 17 32 4 5 31 18 7 2 14 11 25 24 12 13 23 26 10 15 21 28 8 1 3 22 27 9 16 20 29 
30 6 19 17 32 4 5 31 18 7 2 23 26 10 15 21 28 8 1 3 13 12 24 25 11 14 22 27 9 16 20 29 
30 6 19 17 32 4 5 31 18 7 29 20 16 9 27 22 3 1 8 28 21 15 10 26 23 2 14 11 25 24 12 13 
30 6 19 17 32 4 5 31 18 7 29 20 16 9 27 22 3 1 8 28 21 15 10 26 23 13 12 24 25 11 14 2 
30 6 19 17 32 4 5 31 18 7 29 20 16 9 27 22 3 13 12 24 1 8 28 21 15 10 26 23 2 14 11 25 
30 6 19 17 32 4 5 31 18 7 29 20 16 9 27 22 3 13 12 24 25 11 14 2 23 26 10 15 1 8 28 21 
30 6 19 17 32 4 5 31 18 7 29 20 16 9 27 22 3 13 12 24 25 11 14 2 23 26 10 15 21 28 8 1 
30 6 19 17 32 4 5 31 18 7 29 20 16 9 27 22 14 2 23 26 10 15 21 28 8 1 3 13 12 24 25 11 
30 6 19 17 32 4 5 31 18 7 29 20 16 9 27 22 14 11 25 24 12 13 3 1 8 28 21 15 10 26 23 2 
30 6 19 17 32 4 12 13 3 1 8 28 21 15 10 26 23 2 14 22 27 9 16 20 29 7 18 31 5 11 25 24 
30 6 19 17 32 4 12 13 3 1 24 25 11 5 31 18 7 29 20 16 9 27 22 14 2 23 26 10 15 21 28 8 
30 6 19 17 32 4 12 13 3 22 14 2 23 26 10 15 21 28 8 1 24 25 11 5 31 18 7 29 20 16 9 27 
30 6 19 17 32 4 12 13 3 22 27 9 16 20 29 7 18 31 5 11 14 2 23 26 10 15 21 28 8 1 24 25 
30 6 19 17 32 4 12 13 3 22 27 9 16 20 29 7 18 31 5 11 25 24 1 8 28 21 15 10 26 23 2 14 
30 6 19 17 32 4 12 24 25 11 5 31 18 7 29 20 16 9 27 22 14 2 23 13 3 1 8 28 21 15 10 26 
30 6 19 17 32 4 12 24 25 11 5 31 18 7 29 20 16 9 27 22 14 2 23 26 10 15 21 28 8 1 3 13 
30 6 19 17 32 4 21 15 10 26 23 2 14 22 27 9 16 20 29 7 18 31 5 11 25 24 12 13 3 1 8 28 
30 6 19 17 32 4 21 28 8 1 3 13 12 24 25 11 5 31 18 7 29 20 16 9 27 22 14 2 23 26 10 15 
30 6 19 17 32 4 21 28 8 1 15 10 26 23 2 14 11 5 31 18 7 29 20 16 9 27 22 3 13 12 24 25 
30 6 19 17 32 4 21 28 8 1 15 10 26 23 2 14 11 25 24 12 13 3 22 27 9 16 20 5 31 18 7 29 
30 6 19 17 32 4 21 28 8 1 15 10 26 23 2 14 11 25 24 12 13 3 22 27 9 16 20 29 7 18 31 5 
30 6 19 17 32 4 21 28 8 1 15 10 26 23 2 14 22 3 13 12 24 25 11 5 31 18 7 29 20 16 9 27 
30 6 19 17 32 4 21 28 8 1 15 10 26 23 2 14 22 27 9 16 20 29 7 18 31 5 11 25 24 12 13 3 
30 19 6 3 1 24 25 11 5 31 18 7 29 20 16 9 27 22 14 2 23 13 12 4 32 17 8 28 21 15 10 26 
30 19 6 3 1 24 25 11 5 31 18 7 29 20 16 9 27 22 14 2 23 26 10 15 21 28 8 17 32 4 12 13 
30 19 6 3 13 12 4 32 17 8 1 24 25 11 5 31 18 7 29 20 16 9 27 22 14 2 23 26 10 15 21 28 
30 19 6 3 13 12 4 32 17 8 28 21 15 1 24 25 11 5 31 18 7 29 20 16 9 27 22 14 2 23 26 10 
30 19 6 3 13 12 4 32 17 8 28 21 15 10 26 23 2 14 22 27 9 16 20 29 7 18 31 5 11 25 24 1 
30 19 6 3 13 12 24 25 11 5 31 18 7 29 20 16 9 27 22 14 2 23 26 10 15 1 8 17 32 4 21 28 
30 19 6 3 13 12 24 25 11 5 31 18 7 29 20 16 9 27 22 14 2 23 26 10 15 1 8 28 21 4 32 17 
30 19 6 10 15 21 28 8 17 32 4 12 13 3 1 24 25 11 5 31 18 7 29 20 16 9 27 22 14 2 23 26 
30 19 6 10 26 23 2 7 18 31 5 4 32 17 8 28 21 15 1 3 13 12 24 25 11 14 22 27 9 16 20 29 
30 19 6 10 26 23 2 7 29 20 16 9 27 22 14 11 25 24 12 13 3 1 15 21 28 8 17 32 4 5 31 18 
30 19 6 10 26 23 2 14 11 5 31 18 7 29 20 16 9 27 22 3 13 12 4 32 17 8 28 21 15 1 24 25 
30 19 6 10 26 23 2 14 11 25 24 1 15 21 28 8 17 32 4 5 31 18 7 29 20 16 9 27 22 3 13 12 
30 19 6 10 26 23 2 14 11 25 24 1 15 21 28 8 17 32 4 12 13 3 22 27 9 16 20 5 31 18 7 29 
30 19 6 10 26 23 2 14 11 25 24 1 15 21 28 8 17 32 4 12 13 3 22 27 9 16 20 29 7 18 31 5 
30 19 6 10 26 23 2 14 11 25 24 12 13 3 1 15 21 28 8 17 32 4 5 31 18 7 29 20 16 9 27 22 
30 19 6 10 26 23 2 14 11 25 24 12 13 3 22 27 9 16 20 29 7 18 31 5 4 32 17 8 1 15 21 28 
30 19 6 10 26 23 2 14 11 25 24 12 13 3 22 27 9 16 20 29 7 18 31 5 4 32 17 8 28 21 15 1 
30 19 6 10 26 23 2 14 22 3 13 12 4 32 17 8 28 21 15 1 24 25 11 5 31 18 7 29 20 16 9 27 
30 19 6 10 26 23 2 14 22 27 9 16 20 29 7 18 31 5 4 32 17 8 28 21 15 1 3 13 12 24 25 11 
30 19 6 10 26 23 2 14 22 27 9 16 20 29 7 18 31 5 11 25 24 1 3 13 12 4 32 17 8 28 21 15 
30 19 6 10 26 23 2 14 22 27 9 16 20 29 7 18 31 5 11 25 24 1 15 21 28 8 17 32 4 12 13 3 
30 19 6 10 26 23 2 14 22 27 9 16 20 29 7 18 31 5 11 25 24 12 4 32 17 8 28 21 15 1 3 13 
30 19 6 10 26 23 2 14 22 27 9 16 20 29 7 18 31 5 11 25 24 12 13 3 1 15 21 4 32 17 8 28 
30 19 6 10 26 23 2 14 22 27 9 16 20 29 7 18 31 5 11 25 24 12 13 3 1 15 21 28 8 17 32 4 
30 19 6 10 26 23 13 3 1 15 21 28 8 17 32 4 12 24 25 11 5 31 18 7 2 14 22 27 9 16 20 29 
30 19 6 10 26 23 13 3 1 15 21 28 8 17 32 4 12 24 25 11 5 31 18 7 29 20 16 9 27 22 14 2 
30 19 6 10 26 23 13 12 24 25 11 14 2 7 18 31 5 4 32 17 8 28 21 15 1 3 22 27 9 16 20 29 
30 19 6 10 26 23 13 12 24 25 11 14 2 7 29 20 16 9 27 22 3 1 15 21 28 8 17 32 4 5 31 18 
30 19 17 8 28 21 15 1 24 25 11 5 31 18 7 29 20 16 9 27 22 14 2 23 26 10 6 3 13 12 4 32 
30 19 17 32 4 12 13 3 6 10 15 21 28 8 1 24 25 11 5 31 18 7 29 20 16 9 27 22 14 2 23 26 
30 19 17 32 4 12 13 3 6 10 26 23 2 14 22 27 9 16 20 29 7 18 31 5 11 25 24 1 8 28 21 15 
30 19 17 32 4 12 13 3 6 10 26 23 2 14 22 27 9 16 20 29 7 18 31 5 11 25 24 1 15 21 28 8 
30 19 17 32 4 21 28 8 1 15 10 6 3 13 12 24 25 11 5 31 18 7 29 20 16 9 27 22 14 2 23 26 
30 19 17 32 4 21 28 8 1 15 10 26 23 2 14 22 27 9 16 20 29 7 18 31 5 11 25 24 12 13 3 6 
31 5 11 25 24 12 13 3 6 30 19 17 32 4 21 28 8 1 15 10 26 23 2 14 22 27 9 16 20 29 7 18 
31 18 7 29 20 5 11 25 24 12 13 3 6 30 19 17 32 4 21 28 8 1 15 10 26 23 2 14 22 27 9 16 
31 18 7 29 20 16 9 27 22 14 2 23 13 12 24 25 11 5 4 32 17 19 30 6 3 1 8 28 21 15 10 26 
31 18 7 29 20 16 9 27 22 14 2 23 26 10 6 30 19 17 8 28 21 15 1 3 13 12 24 25 11 5 4 32 
31 18 7 29 20 16 9 27 22 14 2 23 26 10 6 30 19 17 32 4 5 11 25 24 12 13 3 1 8 28 21 15 
31 18 7 29 20 16 9 27 22 14 2 23 26 10 6 30 19 17 32 4 5 11 25 24 12 13 3 1 15 21 28 8 
31 18 7 29 20 16 9 27 22 14 2 23 26 10 15 1 8 28 21 4 5 11 25 24 12 13 3 6 30 19 17 32 
31 18 7 29 20 16 9 27 22 14 2 23 26 10 15 1 8 28 21 4 32 17 19 30 6 3 13 12 24 25 11 5 
31 18 7 29 20 16 9 27 22 14 2 23 26 10 15 21 28 8 1 3 6 30 19 17 32 4 5 11 25 24 12 13 
31 18 7 29 20 16 9 27 22 14 2 23 26 10 15 21 28 8 1 3 13 12 24 25 11 5 4 32 17 19 6 30 
31 18 7 29 20 16 9 27 22 14 2 23 26 10 15 21 28 8 1 3 13 12 24 25 11 5 4 32 17 19 30 6 
31 18 7 29 20 16 9 27 22 14 2 23 26 10 15 21 28 8 1 24 12 13 3 6 30 19 17 32 4 5 11 25 
31 18 7 29 20 16 9 27 22 14 2 23 26 10 15 21 28 8 1 24 25 11 5 4 12 13 3 6 30 19 17 32 
31 18 7 29 20 16 9 27 22 14 2 23 26 10 15 21 28 8 1 24 25 11 5 4 32 17 19 30 6 3 13 12 
32 4 5 11 25 24 12 13 3 1 15 21 28 8 17 19 30 6 10 26 23 2 14 22 27 9 16 20 29 7 18 31 
32 4 5 31 18 7 2 14 11 25 24 12 13 23 26 10 6 30 19 17 8 28 21 15 1 3 22 27 9 16 20 29 
32 4 5 31 18 7 2 23 26 10 6 30 19 17 8 28 21 15 1 3 13 12 24 25 11 14 22 27 9 16 20 29 
32 4 5 31 18 7 29 20 16 9 27 22 3 1 15 21 28 8 17 19 30 6 10 26 23 2 14 11 25 24 12 13 
32 4 5 31 18 7 29 20 16 9 27 22 3 1 15 21 28 8 17 19 30 6 10 26 23 13 12 24 25 11 14 2 
32 4 5 31 18 7 29 20 16 9 27 22 3 13 12 24 1 15 21 28 8 17 19 30 6 10 26 23 2 14 11 25 
32 4 5 31 18 7 29 20 16 9 27 22 3 13 12 24 25 11 14 2 23 26 10 6 30 19 17 8 1 15 21 28 
32 4 5 31 18 7 29 20 16 9 27 22 3 13 12 24 25 11 14 2 23 26 10 6 30 19 17 8 28 21 15 1 
32 4 5 31 18 7 29 20 16 9 27 22 14 2 23 26 10 6 30 19 17 8 28 21 15 1 3 13 12 24 25 11 
32 4 5 31 18 7 29 20 16 9 27 22 14 11 25 24 12 13 3 1 15 21 28 8 17 19 30 6 10 26 23 2 
32 4 12 13 3 1 15 21 28 8 17 19 30 6 10 26 23 2 14 22 27 9 16 20 29 7 18 31 5 11 25 24 
32 4 12 13 3 1 24 25 11 5 31 18 7 29 20 16 9 27 22 14 2 23 26 10 6 30 19 17 8 28 21 15 
32 4 12 13 3 1 24 25 11 5 31 18 7 29 20 16 9 27 22 14 2 23 26 10 15 21 28 8 17 19 6 30 
32 4 12 13 3 1 24 25 11 5 31 18 7 29 20 16 9 27 22 14 2 23 26 10 15 21 28 8 17 19 30 6 
32 4 12 13 3 6 10 26 23 2 14 22 27 9 16 20 29 7 18 31 5 11 25 24 1 15 21 28 8 17 19 30 
32 4 12 13 3 6 30 19 17 8 1 24 25 11 5 31 18 7 29 20 16 9 27 22 14 2 23 26 10 15 21 28 
32 4 12 13 3 6 30 19 17 8 28 21 15 1 24 25 11 5 31 18 7 29 20 16 9 27 22 14 2 23 26 10 
32 4 12 13 3 6 30 19 17 8 28 21 15 10 26 23 2 14 22 27 9 16 20 29 7 18 31 5 11 25 24 1 
32 4 12 13 3 22 14 2 23 26 10 6 30 19 17 8 28 21 15 1 24 25 11 5 31 18 7 29 20 16 9 27 
32 4 12 13 3 22 27 9 16 20 29 7 18 31 5 11 14 2 23 26 10 6 30 19 17 8 28 21 15 1 24 25 
32 4 12 13 3 22 27 9 16 20 29 7 18 31 5 11 25 24 1 15 21 28 8 17 19 30 6 10 26 23 2 14 
32 4 12 13 23 2 14 22 27 9 16 20 29 7 18 31 5 11 25 24 1 3 6 30 19 17 8 28 21 15 10 26 
32 4 12 13 23 26 10 15 21 28 8 17 19 30 6 3 1 24 25 11 5 31 18 7 2 14 22 27 9 16 20 29 
32 4 12 13 23 26 10 15 21 28 8 17 19 30 6 3 1 24 25 11 5 31 18 7 29 20 16 9 27 22 14 2 
32 4 12 24 25 11 5 31 18 7 29 20 16 9 27 22 14 2 23 13 3 1 15 21 28 8 17 19 30 6 10 26 
32 4 12 24 25 11 5 31 18 7 29 20 16 9 27 22 14 2 23 26 10 6 30 19 17 8 28 21 15 1 3 13 
32 4 21 15 1 3 13 12 24 25 11 5 31 18 7 29 20 16 9 27 22 14 2 23 26 10 6 30 19 17 8 28 
32 4 21 28 8 1 15 10 26 23 2 14 22 27 9 16 20 29 7 18 31 5 11 25 24 12 13 3 6 30 19 17 
32 4 21 28 8 17 19 30 6 3 1 15 10 26 23 2 14 22 27 9 16 20 29 7 18 31 5 11 25 24 12 13 
32 4 21 28 8 17 19 30 6 3 1 15 10 26 23 13 12 24 25 11 5 31 18 7 2 14 22 27 9 16 20 29 
32 4 21 28 8 17 19 30 6 3 1 15 10 26 23 13 12 24 25 11 5 31 18 7 29 20 16 9 27 22 14 2 
32 4 21 28 8 17 19 30 6 3 13 12 24 1 15 10 26 23 2 14 22 27 9 16 20 29 7 18 31 5 11 25 
32 4 21 28 8 17 19 30 6 3 13 12 24 25 11 5 31 18 7 29 20 16 9 27 22 14 2 23 26 10 15 1 
32 4 21 28 8 17 19 30 6 10 15 1 3 13 12 24 25 11 5 31 18 7 29 20 16 9 27 22 14 2 23 26 
32 4 21 28 8 17 19 30 6 10 26 23 2 14 22 27 9 16 20 29 7 18 31 5 11 25 24 12 13 3 1 15 
32 17 19 30 6 3 13 12 4 5 11 25 24 1 8 28 21 15 10 26 23 2 14 22 27 9 16 20 29 7 18 31 
32 17 19 30 6 3 13 12 4 5 31 18 7 2 23 26 10 15 21 28 8 1 24 25 11 14 22 27 9 16 20 29 
32 17 19 30 6 3 13 12 4 5 31 18 7 29 20 16 9 27 22 14 2 23 26 10 15 21 28 8 1 24 25 11 
32 17 19 30 6 3 13 12 4 5 31 18 7 29 20 16 9 27 22 14 11 25 24 1 8 28 21 15 10 26 23 2 
32 17 19 30 6 3 13 12 4 21 15 10 26 23 2 14 22 27 9 16 20 29 7 18 31 5 11 25 24 1 8 28 
32 17 19 30 6 3 13 12 4 21 28 8 1 15 10 26 23 2 14 22 27 9 16 20 29 7 18 31 5 11 25 24 
32 17 19 30 6 3 13 12 4 21 28 8 1 24 25 11 5 31 18 7 29 20 16 9 27 22 14 2 23 26 10 15 
32 17 19 30 6 3 13 12 24 25 11 5 4 21 28 8 1 15 10 26 23 2 14 22 27 9 16 20 29 7 18 31 
32 17 19 30 6 3 13 12 24 25 11 5 31 18 7 29 20 16 9 27 22 14 2 23 26 10 15 1 8 28 21 4 
32 17 19 30 6 3 13 12 24 25 11 14 2 23 26 10 15 1 8 28 21 4 5 31 18 7 29 20 16 9 27 22 
32 17 19 30 6 3 13 12 24 25 11 14 22 27 9 16 20 29 7 2 23 26 10 15 1 8 28 21 4 5 31 18 
32 17 19 30 6 3 13 12 24 25 11 14 22 27 9 16 20 29 7 18 31 5 4 21 28 8 1 15 10 26 23 2 
32 17 19 30 6 3 13 23 2 14 22 27 9 16 20 29 7 18 31 5 11 25 24 12 4 21 28 8 1 15 10 26 
32 17 19 30 6 3 13 23 26 10 15 1 8 28 21 4 12 24 25 11 5 31 18 7 2 14 22 27 9 16 20 29 
32 17 19 30 6 3 13 23 26 10 15 1 8 28 21 4 12 24 25 11 5 31 18 7 29 20 16 9 27 22 14 2 
32 17 19 30 6 3 22 27 9 16 20 29 7 2 14 11 25 24 1 8 28 21 15 10 26 23 13 12 4 5 31 18 
32 17 19 30 6 3 22 27 9 16 20 29 7 2 14 11 25 24 12 13 23 26 10 15 1 8 28 21 4 5 31 18 
32 17 19 30 6 3 22 27 9 16 20 29 7 18 31 5 4 12 13 23 2 14 11 25 24 1 8 28 21 15 10 26 
32 17 19 30 6 3 22 27 9 16 20 29 7 18 31 5 4 12 13 23 26 10 15 21 28 8 1 24 25 11 14 2 
32 17 19 30 6 3 22 27 9 16 20 29 7 18 31 5 4 21 28 8 1 15 10 26 23 2 14 11 25 24 12 13 
32 17 19 30 6 3 22 27 9 16 20 29 7 18 31 5 4 21 28 8 1 15 10 26 23 13 12 24 25 11 14 2 
32 17 19 30 6 10 15 1 8 28 21 4 5 31 18 7 29 20 16 9 27 22 3 13 12 24 25 11 14 2 23 26 
32 17 19 30 6 10 26 23 2 14 11 25 24 12 13 3 22 27 9 16 20 29 7 18 31 5 4 21 15 1 8 28 
32 17 19 30 6 10 26 23 2 14 11 25 24 12 13 3 22 27 9 16 20 29 7 18 31 5 4 21 28 8 1 15 